-256   1.037598E-02
-255   1.098633E-02
-254   1.037598E-02
-253   1.037598E-02
-252   1.037598E-02
-251   1.037598E-02
-250   9.765625E-03
-249   9.765625E-03
-248   9.765625E-03
-247   9.155273E-03
-246   9.155273E-03
-245   9.155273E-03
-244   9.155273E-03
-243   9.155273E-03
-242   9.765625E-03
-241   1.037598E-02
-240   9.765625E-03
-239   1.037598E-02
-238   1.037598E-02
-237   1.098633E-02
-236   1.037598E-02
-235   1.037598E-02
-234   1.037598E-02
-233   9.765625E-03
-232   9.765625E-03
-231   9.155273E-03
-230   9.155273E-03
-229   8.544922E-03
-228   9.155273E-03
-227   9.155273E-03
-226   9.155273E-03
-225   9.765625E-03
-224   9.765625E-03
-223   1.037598E-02
-222   1.037598E-02
-221   1.037598E-02
-220   1.098633E-02
-219   1.037598E-02
-218   1.037598E-02
-217   1.098633E-02
-216   1.037598E-02
-215   9.765625E-03
-214   9.155273E-03
-213   9.155273E-03
-212   9.155273E-03
-211   9.155273E-03
-210   9.765625E-03
-209   9.765625E-03
-208   9.765625E-03
-207   9.765625E-03
-206   1.098633E-02
-205   1.037598E-02
-204   1.098633E-02
-203   1.098633E-02
-202   1.098633E-02
-201   1.098633E-02
-200   9.765625E-03
-199   1.037598E-02
-198   9.765625E-03
-197   9.155273E-03
-196   9.765625E-03
-195   9.155273E-03
-194   9.765625E-03
-193   9.765625E-03
-192   9.765625E-03
-191   9.765625E-03
-190   1.037598E-02
-189   1.098633E-02
-188   1.098633E-02
-187   1.098633E-02
-186   1.037598E-02
-185   1.098633E-02
-184   1.098633E-02
-183   9.765625E-03
-182   1.037598E-02
-181   9.765625E-03
-180   9.155273E-03
-179   9.765625E-03
-178   9.765625E-03
-177   9.765625E-03
-176   9.765625E-03
-175   1.037598E-02
-174   1.037598E-02
-173   1.098633E-02
-172   1.098633E-02
-171   1.098633E-02
-170   1.098633E-02
-169   1.098633E-02
-168   1.098633E-02
-167   1.098633E-02
-166   1.037598E-02
-165   1.037598E-02
-164   9.155273E-03
-163   9.765625E-03
-162   9.765625E-03
-161   9.765625E-03
-160   9.765625E-03
-159   1.037598E-02
-158   1.037598E-02
-157   1.037598E-02
-156   1.037598E-02
-155   1.037598E-02
-154   1.098633E-02
-153   1.098633E-02
-152   1.037598E-02
-151   1.098633E-02
-150   9.765625E-03
-149   9.765625E-03
-148   9.765625E-03
-147   1.037598E-02
-146   9.155273E-03
-145   9.155273E-03
-144   9.765625E-03
-143   9.155273E-03
-142   1.037598E-02
-141   1.037598E-02
-140   1.037598E-02
-139   1.098633E-02
-138   1.098633E-02
-137   1.098633E-02
-136   1.098633E-02
-135   1.098633E-02
-134   1.037598E-02
-133   9.765625E-03
-132   9.765625E-03
-131   9.765625E-03
-130   9.765625E-03
-129   9.765625E-03
-128   1.037598E-02
-127   9.765625E-03
-126   9.765625E-03
-125   1.037598E-02
-124   1.037598E-02
-123   1.098633E-02
-122   1.159668E-02
-121   1.098633E-02
-120   1.098633E-02
-119   1.098633E-02
-118   1.098633E-02
-117   1.037598E-02
-116   1.037598E-02
-115   1.098633E-02
-114   1.037598E-02
-113   9.765625E-03
-112   9.765625E-03
-111   9.155273E-03
-110   9.765625E-03
-109   1.037598E-02
-108   1.098633E-02
-107   1.098633E-02
-106   1.037598E-02
-105   1.098633E-02
-104   1.098633E-02
-103   1.098633E-02
-102   1.159668E-02
-101   1.098633E-02
-100   1.037598E-02
-99   1.037598E-02
-98   9.765625E-03
-97   9.765625E-03
-96   9.765625E-03
-95   9.765625E-03
-94   9.765625E-03
-93   9.765625E-03
-92   1.037598E-02
-91   9.765625E-03
-90   1.037598E-02
-89   1.037598E-02
-88   1.098633E-02
-87   1.098633E-02
-86   1.098633E-02
-85   1.098633E-02
-84   1.037598E-02
-83   1.037598E-02
-82   1.037598E-02
-81   9.765625E-03
-80   9.765625E-03
-79   9.765625E-03
-78   9.765625E-03
-77   9.765625E-03
-76   9.765625E-03
-75   1.037598E-02
-74   1.098633E-02
-73   1.098633E-02
-72   1.159668E-02
-71   1.159668E-02
-70   1.159668E-02
-69   1.098633E-02
-68   1.159668E-02
-67   1.037598E-02
-66   9.765625E-03
-65   1.037598E-02
-64   1.037598E-02
-63   9.765625E-03
-62   1.037598E-02
-61   1.037598E-02
-60   1.037598E-02
-59   1.098633E-02
-58   1.098633E-02
-57   1.098633E-02
-56   1.159668E-02
-55   1.220703E-02
-54   1.159668E-02
-53   1.098633E-02
-52   1.220703E-02
-51   1.098633E-02
-50   1.037598E-02
-49   1.098633E-02
-48   1.098633E-02
-47   9.765625E-03
-46   1.037598E-02
-45   1.037598E-02
-44   9.765625E-03
-43   9.765625E-03
-42   1.037598E-02
-41   1.098633E-02
-40   1.098633E-02
-39   1.098633E-02
-38   1.159668E-02
-37   1.098633E-02
-36   1.098633E-02
-35   1.159668E-02
-34   1.098633E-02
-33   1.037598E-02
-32   1.098633E-02
-31   1.037598E-02
-30   1.037598E-02
-29   1.037598E-02
-28   9.765625E-03
-27   9.765625E-03
-26   1.037598E-02
-25   1.037598E-02
-24   1.159668E-02
-23   1.098633E-02
-22   1.098633E-02
-21   1.159668E-02
-20   1.159668E-02
-19   1.159668E-02
-18   1.159668E-02
-17   1.098633E-02
-16   1.037598E-02
-15   1.037598E-02
-14   1.037598E-02
-13   1.037598E-02
-12   9.765625E-03
-11   1.037598E-02
-10   1.037598E-02
-9   1.037598E-02
-8   1.098633E-02
-7   1.098633E-02
-6   1.159668E-02
-5   1.159668E-02
-4   1.220703E-02
-3   1.159668E-02
-2   1.159668E-02
-1   3.295898E-02
0   -6.103516E-04
1   1.098633E-02
2   1.098633E-02
3   1.037598E-02
4   1.098633E-02
5   1.037598E-02
6   1.037598E-02
7   1.098633E-02
8   1.098633E-02
9   1.159668E-02
10   1.159668E-02
11   1.220703E-02
12   1.159668E-02
13   1.159668E-02
14   1.220703E-02
15   1.159668E-02
16   1.098633E-02
17   1.098633E-02
18   1.098633E-02
19   1.037598E-02
20   1.037598E-02
21   9.765625E-03
22   9.155273E-03
23   9.765625E-03
24   1.037598E-02
25   9.765625E-03
26   1.037598E-02
27   1.098633E-02
28   1.098633E-02
29   1.037598E-02
30   1.098633E-02
31   1.098633E-02
32   1.037598E-02
33   9.765625E-03
34   9.765625E-03
35   9.765625E-03
36   9.155273E-03
37   9.155273E-03
38   9.155273E-03
39   9.155273E-03
40   8.544922E-03
41   9.155273E-03
42   9.765625E-03
43   9.155273E-03
44   9.765625E-03
45   9.765625E-03
46   9.765625E-03
47   9.765625E-03
48   9.765625E-03
49   9.155273E-03
50   9.155273E-03
51   9.155273E-03
52   8.544922E-03
53   7.93457E-03
54   8.544922E-03
55   7.93457E-03
56   7.93457E-03
57   7.93457E-03
58   8.544922E-03
59   9.155273E-03
60   9.155273E-03
61   9.155273E-03
62   9.155273E-03
63   9.155273E-03
64   9.155273E-03
65   9.155273E-03
66   8.544922E-03
67   7.93457E-03
68   7.93457E-03
69   7.93457E-03
70   7.324219E-03
71   7.93457E-03
72   7.324219E-03
73   7.324219E-03
74   7.93457E-03
75   7.93457E-03
76   7.93457E-03
77   8.544922E-03
78   8.544922E-03
79   8.544922E-03
80   9.155273E-03
81   8.544922E-03
82   7.93457E-03
83   7.93457E-03
84   7.324219E-03
85   7.324219E-03
86   6.713867E-03
87   7.324219E-03
88   6.713867E-03
89   6.713867E-03
90   6.713867E-03
91   6.713867E-03
92   7.324219E-03
93   7.93457E-03
94   7.93457E-03
95   7.93457E-03
96   7.93457E-03
97   7.93457E-03
98   7.93457E-03
99   7.93457E-03
100   7.324219E-03
101   6.713867E-03
102   6.713867E-03
103   6.103516E-03
104   6.103516E-03
105   6.103516E-03
106   6.713867E-03
107   5.493164E-03
108   6.713867E-03
109   6.713867E-03
110   7.324219E-03
111   7.324219E-03
112   7.324219E-03
113   7.324219E-03
114   7.324219E-03
115   7.324219E-03
116   6.713867E-03
117   6.713867E-03
118   6.103516E-03
119   6.103516E-03
120   5.493164E-03
121   6.103516E-03
122   5.493164E-03
123   6.103516E-03
124   6.103516E-03
125   6.103516E-03
126   6.713867E-03
127   6.713867E-03
128   6.713867E-03
129   7.324219E-03
130   6.713867E-03
131   7.324219E-03
132   6.713867E-03
133   6.103516E-03
134   6.103516E-03
135   6.103516E-03
136   5.493164E-03
137   5.493164E-03
138   5.493164E-03
139   4.882813E-03
140   5.493164E-03
141   5.493164E-03
142   6.103516E-03
143   6.103516E-03
144   6.713867E-03
145   6.713867E-03
146   6.713867E-03
147   6.713867E-03
148   6.713867E-03
149   6.103516E-03
150   5.493164E-03
151   6.103516E-03
152   4.882813E-03
153   4.882813E-03
154   4.882813E-03
155   4.882813E-03
156   4.882813E-03
157   4.882813E-03
158   5.493164E-03
159   5.493164E-03
160   5.493164E-03
161   6.103516E-03
162   6.103516E-03
163   6.713867E-03
164   6.103516E-03
165   5.493164E-03
166   5.493164E-03
167   5.493164E-03
168   5.493164E-03
169   4.272461E-03
170   4.882813E-03
171   4.882813E-03
172   4.272461E-03
173   4.272461E-03
174   4.882813E-03
175   5.493164E-03
176   4.882813E-03
177   6.103516E-03
178   6.103516E-03
179   6.103516E-03
180   6.103516E-03
181   6.103516E-03
182   5.493164E-03
183   4.882813E-03
184   4.882813E-03
185   4.272461E-03
186   4.272461E-03
187   4.272461E-03
188   4.272461E-03
189   4.272461E-03
190   3.662109E-03
191   4.882813E-03
192   4.882813E-03
193   4.882813E-03
194   4.882813E-03
195   5.493164E-03
196   5.493164E-03
197   5.493164E-03
198   5.493164E-03
199   5.493164E-03
200   4.882813E-03
201   4.272461E-03
202   3.662109E-03
203   4.272461E-03
204   4.272461E-03
205   3.662109E-03
206   4.272461E-03
207   4.272461E-03
208   4.272461E-03
209   4.882813E-03
210   5.493164E-03
211   5.493164E-03
212   5.493164E-03
213   5.493164E-03
214   5.493164E-03
215   5.493164E-03
216   4.272461E-03
217   4.882813E-03
218   4.272461E-03
219   3.662109E-03
220   4.272461E-03
221   3.662109E-03
222   3.662109E-03
223   3.662109E-03
224   4.272461E-03
225   4.272461E-03
226   4.272461E-03
227   4.882813E-03
228   5.493164E-03
229   4.882813E-03
230   4.882813E-03
231   5.493164E-03
232   4.882813E-03
233   4.272461E-03
234   4.272461E-03
235   4.272461E-03
236   3.662109E-03
237   3.662109E-03
238   3.051758E-03
239   3.662109E-03
240   3.662109E-03
241   4.272461E-03
242   4.272461E-03
243   4.272461E-03
244   4.882813E-03
245   4.882813E-03
246   4.882813E-03
247   4.882813E-03
248   4.882813E-03
249   4.882813E-03
250   4.272461E-03
251   3.662109E-03
252   3.662109E-03
253   3.662109E-03
254   3.662109E-03
255   3.051758E-03
256   3.051758E-03
257   3.662109E-03
258   3.662109E-03
259   3.662109E-03
260   4.272461E-03
261   4.882813E-03
262   4.882813E-03
263   4.272461E-03
264   4.882813E-03
265   4.882813E-03
266   4.272461E-03
267   3.662109E-03
268   3.662109E-03
269   3.662109E-03
270   3.051758E-03
271   2.441406E-03
272   3.662109E-03
273   3.051758E-03
274   3.662109E-03
275   4.272461E-03
276   3.662109E-03
277   4.272461E-03
278   4.272461E-03
279   4.882813E-03
280   4.882813E-03
281   4.272461E-03
282   4.272461E-03
283   3.662109E-03
284   3.662109E-03
285   3.051758E-03
286   3.662109E-03
287   3.051758E-03
288   3.051758E-03
289   3.051758E-03
290   3.051758E-03
291   3.051758E-03
292   3.662109E-03
293   3.662109E-03
294   4.272461E-03
295   4.272461E-03
296   4.272461E-03
297   4.272461E-03
298   4.272461E-03
299   3.662109E-03
300   3.662109E-03
301   3.662109E-03
302   3.051758E-03
303   3.051758E-03
304   3.051758E-03
305   2.441406E-03
306   3.051758E-03
307   3.051758E-03
308   3.662109E-03
309   3.662109E-03
310   4.272461E-03
311   4.272461E-03
312   4.272461E-03
313   4.272461E-03
314   4.272461E-03
315   4.272461E-03
316   3.662109E-03
317   3.662109E-03
318   3.051758E-03
319   2.441406E-03
320   2.441406E-03
321   2.441406E-03
322   2.441406E-03
323   2.441406E-03
324   3.051758E-03
325   3.662109E-03
326   3.051758E-03
327   3.662109E-03
328   3.662109E-03
329   3.662109E-03
330   4.272461E-03
331   4.272461E-03
332   3.662109E-03
333   3.051758E-03
334   3.051758E-03
335   3.051758E-03
336   3.051758E-03
337   2.441406E-03
338   2.441406E-03
339   2.441406E-03
340   2.441406E-03
341   2.441406E-03
342   3.662109E-03
343   3.051758E-03
344   3.662109E-03
345   3.662109E-03
346   3.662109E-03
347   3.662109E-03
348   3.662109E-03
349   3.662109E-03
350   3.051758E-03
351   3.051758E-03
352   3.051758E-03
353   2.441406E-03
354   2.441406E-03
355   2.441406E-03
356   2.441406E-03
357   2.441406E-03
358   3.051758E-03
359   3.662109E-03
360   3.662109E-03
361   3.662109E-03
362   3.662109E-03
363   3.662109E-03
364   3.662109E-03
365   3.662109E-03
366   3.051758E-03
367   3.051758E-03
368   3.051758E-03
369   2.441406E-03
370   2.441406E-03
371   2.441406E-03
372   2.441406E-03
373   2.441406E-03
374   2.441406E-03
375   3.051758E-03
376   3.051758E-03
377   3.051758E-03
378   4.272461E-03
379   3.662109E-03
380   3.662109E-03
381   3.662109E-03
382   3.051758E-03
383   3.051758E-03
384   3.051758E-03
385   2.441406E-03
386   2.441406E-03
387   2.441406E-03
388   1.831055E-03
389   2.441406E-03
390   2.441406E-03
391   2.441406E-03
392   3.051758E-03
393   3.051758E-03
394   3.662109E-03
395   3.662109E-03
396   3.662109E-03
397   3.051758E-03
398   3.662109E-03
399   3.662109E-03
400   3.051758E-03
401   2.441406E-03
402   2.441406E-03
403   2.441406E-03
404   1.831055E-03
405   2.441406E-03
406   1.831055E-03
407   1.831055E-03
408   3.051758E-03
409   3.051758E-03
410   3.662109E-03
411   3.662109E-03
412   3.662109E-03
413   3.051758E-03
414   3.662109E-03
415   3.051758E-03
416   2.441406E-03
417   3.051758E-03
418   2.441406E-03
419   1.831055E-03
420   2.441406E-03
421   1.831055E-03
422   1.831055E-03
423   2.441406E-03
424   2.441406E-03
425   2.441406E-03
426   2.441406E-03
427   3.662109E-03
428   3.662109E-03
429   3.051758E-03
430   3.662109E-03
431   3.662109E-03
432   3.051758E-03
433   3.051758E-03
434   2.441406E-03
435   2.441406E-03
436   2.441406E-03
437   1.831055E-03
438   1.220703E-03
439   1.831055E-03
440   2.441406E-03
441   2.441406E-03
442   3.051758E-03
443   3.051758E-03
444   3.051758E-03
445   3.662109E-03
446   3.051758E-03
447   3.051758E-03
448   3.662109E-03
449   2.441406E-03
450   2.441406E-03
451   2.441406E-03
452   2.441406E-03
453   1.831055E-03
454   2.441406E-03
455   1.831055E-03
456   1.831055E-03
457   2.441406E-03
458   2.441406E-03
459   2.441406E-03
460   3.051758E-03
461   3.051758E-03
462   3.051758E-03
463   3.051758E-03
464   3.051758E-03
465   3.051758E-03
466   3.051758E-03
467   2.441406E-03
468   2.441406E-03
469   1.831055E-03
470   1.831055E-03
471   1.831055E-03
472   1.831055E-03
473   2.441406E-03
474   1.831055E-03
475   2.441406E-03
476   2.441406E-03
477   3.051758E-03
478   3.662109E-03
479   3.051758E-03
480   3.051758E-03
481   3.662109E-03
482   3.051758E-03
483   2.441406E-03
484   2.441406E-03
485   2.441406E-03
486   1.831055E-03
487   1.831055E-03
488   1.831055E-03
489   1.831055E-03
490   1.831055E-03
491   2.441406E-03
492   2.441406E-03
493   2.441406E-03
494   3.051758E-03
495   3.051758E-03
496   3.662109E-03
497   3.662109E-03
498   3.051758E-03
499   2.441406E-03
500   2.441406E-03
501   2.441406E-03
502   1.831055E-03
503   1.831055E-03
504   1.831055E-03
505   1.831055E-03
506   1.831055E-03
507   1.831055E-03
508   2.441406E-03
509   2.441406E-03
510   3.051758E-03
511   3.051758E-03
512   3.051758E-03
513   3.051758E-03
514   3.051758E-03
515   3.051758E-03
516   2.441406E-03
517   2.441406E-03
518   1.831055E-03
519   1.831055E-03
520   1.831055E-03
521   1.220703E-03
522   1.831055E-03
523   1.831055E-03
524   1.831055E-03
525   2.441406E-03
526   2.441406E-03
527   3.051758E-03
528   3.051758E-03
529   3.051758E-03
530   3.051758E-03
531   3.051758E-03
532   2.441406E-03
533   2.441406E-03
534   2.441406E-03
535   1.220703E-03
536   1.831055E-03
537   1.831055E-03
538   1.831055E-03
539   1.831055E-03
540   1.831055E-03
541   1.831055E-03
542   2.441406E-03
543   3.051758E-03
544   3.051758E-03
545   3.051758E-03
546   3.051758E-03
547   3.051758E-03
548   3.051758E-03
549   1.831055E-03
550   2.441406E-03
551   1.831055E-03
552   1.831055E-03
553   1.831055E-03
554   1.220703E-03
555   1.220703E-03
556   1.831055E-03
557   1.831055E-03
558   1.831055E-03
559   2.441406E-03
560   3.051758E-03
561   3.051758E-03
562   3.051758E-03
563   3.051758E-03
564   3.051758E-03
565   3.051758E-03
566   2.441406E-03
567   1.831055E-03
568   1.831055E-03
569   1.831055E-03
570   1.220703E-03
571   1.831055E-03
572   1.831055E-03
573   1.220703E-03
574   2.441406E-03
575   2.441406E-03
576   2.441406E-03
577   3.051758E-03
578   3.051758E-03
579   3.051758E-03
580   3.051758E-03
581   3.051758E-03
582   2.441406E-03
583   2.441406E-03
584   1.831055E-03
585   1.220703E-03
586   1.831055E-03
587   1.220703E-03
588   1.220703E-03
589   1.831055E-03
590   1.220703E-03
591   1.831055E-03
592   2.441406E-03
593   2.441406E-03
594   3.051758E-03
595   3.051758E-03
596   3.051758E-03
597   3.051758E-03
598   3.051758E-03
599   2.441406E-03
600   2.441406E-03
601   1.831055E-03
602   1.220703E-03
603   1.831055E-03
604   1.220703E-03
605   1.220703E-03
606   1.831055E-03
607   1.831055E-03
608   2.441406E-03
609   2.441406E-03
610   2.441406E-03
611   2.441406E-03
612   2.441406E-03
613   3.051758E-03
614   3.051758E-03
615   2.441406E-03
616   2.441406E-03
617   1.831055E-03
618   1.831055E-03
619   1.220703E-03
620   1.831055E-03
621   1.220703E-03
622   1.831055E-03
623   1.831055E-03
624   1.220703E-03
625   2.441406E-03
626   1.831055E-03
627   3.051758E-03
628   3.051758E-03
629   3.051758E-03
630   2.441406E-03
631   3.051758E-03
632   2.441406E-03
633   2.441406E-03
634   1.831055E-03
635   1.831055E-03
636   1.220703E-03
637   1.831055E-03
638   1.220703E-03
639   1.220703E-03
640   1.831055E-03
641   1.831055E-03
642   2.441406E-03
643   2.441406E-03
644   3.051758E-03
645   2.441406E-03
646   3.051758E-03
647   3.051758E-03
648   2.441406E-03
649   2.441406E-03
650   2.441406E-03
651   1.831055E-03
652   1.220703E-03
653   1.831055E-03
654   1.220703E-03
655   1.220703E-03
656   1.220703E-03
657   1.831055E-03
658   1.831055E-03
659   2.441406E-03
660   3.051758E-03
661   2.441406E-03
662   3.051758E-03
663   2.441406E-03
664   2.441406E-03
665   2.441406E-03
666   2.441406E-03
667   1.220703E-03
668   1.831055E-03
669   1.220703E-03
670   1.220703E-03
671   1.220703E-03
672   1.220703E-03
673   1.220703E-03
674   1.831055E-03
675   1.831055E-03
676   2.441406E-03
677   2.441406E-03
678   3.051758E-03
679   2.441406E-03
680   2.441406E-03
681   2.441406E-03
682   2.441406E-03
683   1.831055E-03
684   1.831055E-03
685   1.220703E-03
686   1.831055E-03
687   1.220703E-03
688   1.220703E-03
689   1.220703E-03
690   1.831055E-03
691   1.831055E-03
692   2.441406E-03
693   2.441406E-03
694   2.441406E-03
695   2.441406E-03
696   3.051758E-03
697   2.441406E-03
698   2.441406E-03
699   2.441406E-03
700   1.220703E-03
701   1.831055E-03
702   1.220703E-03
703   1.831055E-03
704   1.220703E-03
705   1.831055E-03
706   1.220703E-03
707   1.831055E-03
708   1.831055E-03
709   2.441406E-03
710   1.831055E-03
711   2.441406E-03
712   3.051758E-03
713   2.441406E-03
714   3.051758E-03
715   2.441406E-03
716   1.831055E-03
717   1.831055E-03
718   1.831055E-03
719   1.220703E-03
720   1.220703E-03
721   1.220703E-03
722   1.220703E-03
723   1.220703E-03
724   1.831055E-03
725   2.441406E-03
726   2.441406E-03
727   2.441406E-03
728   2.441406E-03
729   3.051758E-03
730   2.441406E-03
731   3.051758E-03
732   2.441406E-03
733   1.831055E-03
734   1.831055E-03
735   1.220703E-03
736   1.831055E-03
737   1.220703E-03
738   1.220703E-03
739   1.220703E-03
740   1.220703E-03
741   1.831055E-03
742   2.441406E-03
743   2.441406E-03
744   2.441406E-03
745   2.441406E-03
746   3.051758E-03
747   2.441406E-03
748   2.441406E-03
749   1.831055E-03
750   1.831055E-03
751   1.831055E-03
752   1.220703E-03
753   1.220703E-03
754   1.220703E-03
755   1.220703E-03
756   1.220703E-03
757   1.831055E-03
758   1.831055E-03
759   1.831055E-03
760   2.441406E-03
761   3.051758E-03
762   2.441406E-03
763   2.441406E-03
764   2.441406E-03
765   2.441406E-03
766   1.831055E-03
767   1.831055E-03
768   1.220703E-03
769   1.831055E-03
770   1.220703E-03
771   1.220703E-03
772   1.220703E-03
773   1.220703E-03
774   1.831055E-03
775   2.441406E-03
776   2.441406E-03
777   2.441406E-03
778   2.441406E-03
779   2.441406E-03
780   2.441406E-03
781   2.441406E-03
782   2.441406E-03
783   1.831055E-03
784   1.220703E-03
785   1.220703E-03
786   1.220703E-03
787   1.220703E-03
788   1.220703E-03
789   1.220703E-03
790   1.220703E-03
791   1.831055E-03
792   1.831055E-03
793   2.441406E-03
794   2.441406E-03
795   3.051758E-03
796   2.441406E-03
797   3.051758E-03
798   2.441406E-03
799   1.831055E-03
800   1.831055E-03
801   1.831055E-03
802   1.220703E-03
803   1.220703E-03
804   6.103516E-04
805   1.220703E-03
806   1.220703E-03
807   1.831055E-03
808   1.831055E-03
809   1.831055E-03
810   2.441406E-03
811   2.441406E-03
812   3.051758E-03
813   2.441406E-03
814   3.051758E-03
815   2.441406E-03
816   1.831055E-03
817   1.831055E-03
818   1.220703E-03
819   1.220703E-03
820   1.220703E-03
821   1.220703E-03
822   1.220703E-03
823   1.831055E-03
824   1.831055E-03
825   2.441406E-03
826   1.831055E-03
827   2.441406E-03
828   2.441406E-03
829   3.051758E-03
830   2.441406E-03
831   2.441406E-03
832   2.441406E-03
833   1.831055E-03
834   1.831055E-03
835   1.220703E-03
836   1.220703E-03
837   6.103516E-04
838   1.220703E-03
839   1.220703E-03
840   1.831055E-03
841   1.831055E-03
842   2.441406E-03
843   2.441406E-03
844   3.051758E-03
845   2.441406E-03
846   2.441406E-03
847   2.441406E-03
848   2.441406E-03
849   1.831055E-03
850   1.831055E-03
851   1.220703E-03
852   1.831055E-03
853   6.103516E-04
854   1.220703E-03
855   1.220703E-03
856   1.220703E-03
857   1.831055E-03
858   1.831055E-03
859   1.831055E-03
860   1.831055E-03
861   2.441406E-03
862   1.831055E-03
863   2.441406E-03
864   2.441406E-03
865   1.831055E-03
866   1.831055E-03
867   1.831055E-03
868   1.831055E-03
869   1.220703E-03
870   1.220703E-03
871   6.103516E-04
872   1.220703E-03
873   1.220703E-03
874   1.831055E-03
875   1.831055E-03
876   2.441406E-03
877   2.441406E-03
878   2.441406E-03
879   2.441406E-03
880   3.051758E-03
881   2.441406E-03
882   1.831055E-03
883   1.831055E-03
884   1.220703E-03
885   1.220703E-03
886   1.220703E-03
887   1.220703E-03
888   1.220703E-03
889   1.220703E-03
890   1.220703E-03
891   1.831055E-03
892   1.831055E-03
893   2.441406E-03
894   2.441406E-03
895   2.441406E-03
896   2.441406E-03
897   2.441406E-03
898   2.441406E-03
899   1.831055E-03
900   1.831055E-03
901   1.220703E-03
902   1.220703E-03
903   1.220703E-03
904   1.220703E-03
905   1.220703E-03
906   1.220703E-03
907   1.831055E-03
908   1.831055E-03
909   2.441406E-03
910   2.441406E-03
911   2.441406E-03
912   2.441406E-03
913   2.441406E-03
914   2.441406E-03
915   2.441406E-03
916   1.220703E-03
917   1.831055E-03
918   1.220703E-03
919   1.220703E-03
920   1.220703E-03
921   6.103516E-04
922   1.220703E-03
923   1.831055E-03
924   1.831055E-03
925   1.831055E-03
926   1.831055E-03
927   2.441406E-03
928   2.441406E-03
929   3.051758E-03
930   2.441406E-03
931   2.441406E-03
932   1.831055E-03
933   1.831055E-03
934   1.220703E-03
935   1.220703E-03
936   1.220703E-03
937   1.220703E-03
938   1.220703E-03
939   1.220703E-03
940   1.220703E-03
941   1.831055E-03
942   1.831055E-03
943   2.441406E-03
944   2.441406E-03
945   2.441406E-03
946   2.441406E-03
947   2.441406E-03
948   2.441406E-03
949   1.220703E-03
950   1.831055E-03
951   1.220703E-03
952   1.220703E-03
953   1.220703E-03
954   1.220703E-03
955   1.220703E-03
956   1.220703E-03
957   1.831055E-03
958   1.831055E-03
959   1.831055E-03
960   2.441406E-03
961   2.441406E-03
962   2.441406E-03
963   3.051758E-03
964   2.441406E-03
965   2.441406E-03
966   1.220703E-03
967   1.831055E-03
968   1.220703E-03
969   1.220703E-03
970   1.220703E-03
971   1.220703E-03
972   1.220703E-03
973   1.220703E-03
974   1.831055E-03
975   1.831055E-03
976   1.831055E-03
977   2.441406E-03
978   2.441406E-03
979   3.051758E-03
980   2.441406E-03
981   2.441406E-03
982   1.831055E-03
983   1.831055E-03
984   1.831055E-03
985   1.220703E-03
986   1.220703E-03
987   1.220703E-03
988   1.220703E-03
989   1.220703E-03
990   1.220703E-03
991   1.831055E-03
992   1.831055E-03
993   1.831055E-03
994   2.441406E-03
995   2.441406E-03
996   2.441406E-03
997   2.441406E-03
998   2.441406E-03
999   1.831055E-03
1000   1.220703E-03
1001   1.220703E-03
1002   1.220703E-03
1003   6.103516E-04
1004   1.220703E-03
1005   1.220703E-03
1006   1.220703E-03
1007   1.220703E-03
1008   1.831055E-03
1009   1.831055E-03
1010   2.441406E-03
1011   2.441406E-03
1012   2.441406E-03
1013   2.441406E-03
1014   2.441406E-03
1015   2.441406E-03
1016   1.220703E-03
1017   1.831055E-03
1018   1.220703E-03
1019   1.220703E-03
1020   6.103516E-04
1021   1.220703E-03
1022   1.220703E-03
1023   1.220703E-03
1024   1.831055E-03
1025   1.831055E-03
1026   2.441406E-03
1027   2.441406E-03
1028   2.441406E-03
1029   2.441406E-03
1030   2.441406E-03
1031   2.441406E-03
1032   1.831055E-03
1033   1.831055E-03
1034   1.831055E-03
1035   1.220703E-03
1036   1.220703E-03
1037   6.103516E-04
1038   1.220703E-03
1039   1.220703E-03
1040   1.220703E-03
1041   1.831055E-03
1042   1.831055E-03
1043   2.441406E-03
1044   2.441406E-03
1045   2.441406E-03
1046   2.441406E-03
1047   2.441406E-03
1048   2.441406E-03
1049   1.831055E-03
1050   1.831055E-03
1051   1.831055E-03
1052   1.220703E-03
1053   1.220703E-03
1054   1.220703E-03
1055   1.220703E-03
1056   6.103516E-04
1057   1.831055E-03
1058   1.831055E-03
1059   1.831055E-03
1060   2.441406E-03
1061   2.441406E-03
1062   2.441406E-03
1063   2.441406E-03
1064   2.441406E-03
1065   1.831055E-03
1066   1.831055E-03
1067   1.831055E-03
1068   1.220703E-03
1069   1.220703E-03
1070   6.103516E-04
1071   1.220703E-03
1072   1.220703E-03
1073   1.220703E-03
1074   1.831055E-03
1075   1.831055E-03
1076   2.441406E-03
1077   1.831055E-03
1078   2.441406E-03
1079   2.441406E-03
1080   2.441406E-03
1081   2.441406E-03
1082   1.831055E-03
1083   1.220703E-03
1084   1.831055E-03
1085   1.220703E-03
1086   1.220703E-03
1087   1.220703E-03
1088   1.220703E-03
1089   1.220703E-03
1090   1.220703E-03
1091   1.220703E-03
1092   2.441406E-03
1093   2.441406E-03
1094   2.441406E-03
1095   2.441406E-03
1096   2.441406E-03
1097   2.441406E-03
1098   2.441406E-03
1099   1.831055E-03
1100   1.831055E-03
1101   1.220703E-03
1102   1.220703E-03
1103   1.220703E-03
1104   6.103516E-04
1105   1.220703E-03
1106   1.220703E-03
1107   1.831055E-03
1108   1.831055E-03
1109   2.441406E-03
1110   2.441406E-03
1111   2.441406E-03
1112   2.441406E-03
1113   2.441406E-03
1114   2.441406E-03
1115   1.831055E-03
1116   1.831055E-03
1117   1.831055E-03
1118   1.220703E-03
1119   1.220703E-03
1120   1.220703E-03
1121   6.103516E-04
1122   1.220703E-03
1123   1.220703E-03
1124   1.831055E-03
1125   1.831055E-03
1126   2.441406E-03
1127   1.831055E-03
1128   2.441406E-03
1129   3.051758E-03
1130   2.441406E-03
1131   1.831055E-03
1132   1.831055E-03
1133   1.220703E-03
1134   1.220703E-03
1135   1.220703E-03
1136   1.220703E-03
1137   6.103516E-04
1138   1.220703E-03
1139   1.220703E-03
1140   1.220703E-03
1141   1.831055E-03
1142   1.831055E-03
1143   2.441406E-03
1144   2.441406E-03
1145   2.441406E-03
1146   2.441406E-03
1147   2.441406E-03
1148   2.441406E-03
1149   1.220703E-03
1150   1.831055E-03
1151   1.220703E-03
1152   6.103516E-04
1153   1.220703E-03
1154   6.103516E-04
1155   1.220703E-03
1156   1.220703E-03
1157   1.220703E-03
1158   1.831055E-03
1159   1.831055E-03
1160   1.831055E-03
1161   2.441406E-03
1162   2.441406E-03
1163   2.441406E-03
1164   2.441406E-03
1165   2.441406E-03
1166   1.831055E-03
1167   1.220703E-03
1168   1.220703E-03
1169   1.220703E-03
1170   6.103516E-04
1171   1.220703E-03
1172   1.220703E-03
1173   1.220703E-03
1174   1.831055E-03
1175   1.831055E-03
1176   2.441406E-03
1177   2.441406E-03
1178   1.831055E-03
1179   2.441406E-03
1180   2.441406E-03
1181   1.831055E-03
1182   1.831055E-03
1183   1.831055E-03
1184   1.220703E-03
1185   1.220703E-03
1186   1.220703E-03
1187   1.220703E-03
1188   6.103516E-04
1189   1.220703E-03
1190   1.220703E-03
1191   1.831055E-03
1192   1.831055E-03
1193   2.441406E-03
1194   2.441406E-03
1195   2.441406E-03
1196   2.441406E-03
1197   1.831055E-03
1198   2.441406E-03
1199   1.831055E-03
1200   1.220703E-03
1201   1.220703E-03
1202   1.220703E-03
1203   1.220703E-03
1204   1.220703E-03
1205   1.220703E-03
1206   6.103516E-04
1207   1.831055E-03
1208   1.831055E-03
1209   1.831055E-03
1210   2.441406E-03
1211   2.441406E-03
1212   2.441406E-03
1213   1.831055E-03
1214   2.441406E-03
1215   1.831055E-03
1216   1.831055E-03
1217   1.220703E-03
1218   1.220703E-03
1219   1.220703E-03
1220   1.220703E-03
1221   1.220703E-03
1222   1.220703E-03
1223   1.220703E-03
1224   1.831055E-03
1225   1.831055E-03
1226   1.831055E-03
1227   2.441406E-03
1228   2.441406E-03
1229   2.441406E-03
1230   2.441406E-03
1231   1.831055E-03
1232   1.831055E-03
1233   1.220703E-03
1234   1.220703E-03
1235   1.220703E-03
1236   6.103516E-04
1237   1.220703E-03
1238   1.220703E-03
1239   6.103516E-04
1240   1.220703E-03
1241   1.831055E-03
1242   1.831055E-03
1243   1.831055E-03
1244   2.441406E-03
1245   2.441406E-03
1246   2.441406E-03
1247   2.441406E-03
1248   1.831055E-03
1249   1.831055E-03
1250   1.831055E-03
1251   1.220703E-03
1252   1.220703E-03
1253   1.220703E-03
1254   6.103516E-04
1255   1.220703E-03
1256   1.220703E-03
1257   1.220703E-03
1258   1.831055E-03
1259   1.831055E-03
1260   2.441406E-03
1261   2.441406E-03
1262   2.441406E-03
1263   1.831055E-03
1264   3.051758E-03
1265   1.831055E-03
1266   1.831055E-03
1267   1.831055E-03
1268   1.220703E-03
1269   1.220703E-03
1270   1.220703E-03
1271   1.220703E-03
1272   1.220703E-03
1273   1.220703E-03
1274   1.831055E-03
1275   1.831055E-03
1276   2.441406E-03
1277   2.441406E-03
1278   2.441406E-03
1279   2.441406E-03
1280   2.441406E-03
1281   2.441406E-03
1282   1.831055E-03
1283   1.220703E-03
1284   1.831055E-03
1285   6.103516E-04
1286   1.220703E-03
1287   1.220703E-03
1288   6.103516E-04
1289   1.220703E-03
1290   1.220703E-03
1291   1.831055E-03
1292   1.831055E-03
1293   2.441406E-03
1294   2.441406E-03
1295   2.441406E-03
1296   2.441406E-03
1297   2.441406E-03
1298   2.441406E-03
1299   1.831055E-03
1300   1.220703E-03
1301   1.220703E-03
1302   6.103516E-04
1303   1.220703E-03
1304   1.220703E-03
1305   1.220703E-03
1306   6.103516E-04
1307   1.831055E-03
1308   1.831055E-03
1309   2.441406E-03
1310   1.831055E-03
1311   2.441406E-03
1312   2.441406E-03
1313   2.441406E-03
1314   1.831055E-03
1315   1.831055E-03
1316   1.220703E-03
1317   1.220703E-03
1318   1.220703E-03
1319   1.220703E-03
1320   1.220703E-03
1321   1.220703E-03
1322   6.103516E-04
1323   1.220703E-03
1324   1.831055E-03
1325   1.831055E-03
1326   2.441406E-03
1327   2.441406E-03
1328   2.441406E-03
1329   2.441406E-03
1330   2.441406E-03
1331   2.441406E-03
1332   1.831055E-03
1333   1.831055E-03
1334   1.220703E-03
1335   1.220703E-03
1336   1.220703E-03
1337   1.220703E-03
1338   1.220703E-03
1339   1.220703E-03
1340   1.831055E-03
1341   1.220703E-03
1342   1.831055E-03
1343   1.831055E-03
1344   2.441406E-03
1345   3.051758E-03
1346   2.441406E-03
1347   2.441406E-03
1348   2.441406E-03
1349   1.831055E-03
1350   1.220703E-03
1351   1.220703E-03
1352   1.220703E-03
1353   1.220703E-03
1354   1.220703E-03
1355   1.220703E-03
1356   1.220703E-03
1357   1.831055E-03
1358   1.220703E-03
1359   2.441406E-03
1360   2.441406E-03
1361   2.441406E-03
1362   2.441406E-03
1363   2.441406E-03
1364   2.441406E-03
1365   1.831055E-03
1366   1.220703E-03
1367   1.831055E-03
1368   1.220703E-03
1369   1.220703E-03
1370   1.220703E-03
1371   1.220703E-03
1372   6.103516E-04
1373   1.220703E-03
1374   1.831055E-03
1375   1.831055E-03
1376   2.441406E-03
1377   2.441406E-03
1378   2.441406E-03
1379   2.441406E-03
1380   2.441406E-03
1381   2.441406E-03
1382   1.220703E-03
1383   1.831055E-03
1384   1.220703E-03
1385   1.220703E-03
1386   6.103516E-04
1387   1.220703E-03
1388   6.103516E-04
1389   1.220703E-03
1390   1.831055E-03
1391   1.220703E-03
1392   2.441406E-03
1393   2.441406E-03
1394   2.441406E-03
1395   2.441406E-03
1396   2.441406E-03
1397   2.441406E-03
1398   2.441406E-03
1399   1.831055E-03
1400   1.220703E-03
1401   1.220703E-03
1402   1.220703E-03
1403   1.220703E-03
1404   1.220703E-03
1405   1.220703E-03
1406   6.103516E-04
1407   1.831055E-03
1408   1.831055E-03
1409   1.831055E-03
1410   2.441406E-03
1411   2.441406E-03
1412   2.441406E-03
1413   2.441406E-03
1414   2.441406E-03
1415   1.831055E-03
1416   1.220703E-03
1417   1.831055E-03
1418   1.220703E-03
1419   1.220703E-03
1420   1.220703E-03
1421   6.103516E-04
1422   1.220703E-03
1423   1.220703E-03
1424   1.831055E-03
1425   1.831055E-03
1426   2.441406E-03
1427   1.831055E-03
1428   1.831055E-03
1429   2.441406E-03
1430   2.441406E-03
1431   2.441406E-03
1432   1.220703E-03
1433   1.831055E-03
1434   1.220703E-03
1435   1.220703E-03
1436   1.220703E-03
1437   1.220703E-03
1438   1.220703E-03
1439   1.220703E-03
1440   1.220703E-03
1441   1.831055E-03
1442   1.831055E-03
1443   2.441406E-03
1444   2.441406E-03
1445   2.441406E-03
1446   2.441406E-03
1447   2.441406E-03
1448   1.831055E-03
1449   1.220703E-03
1450   1.831055E-03
1451   1.220703E-03
1452   1.220703E-03
1453   1.220703E-03
1454   1.220703E-03
1455   6.103516E-04
1456   1.220703E-03
1457   1.220703E-03
1458   1.831055E-03
1459   2.441406E-03
1460   2.441406E-03
1461   1.831055E-03
1462   2.441406E-03
1463   2.441406E-03
1464   1.831055E-03
1465   1.831055E-03
1466   1.831055E-03
1467   1.831055E-03
1468   1.220703E-03
1469   1.220703E-03
1470   6.103516E-04
1471   1.220703E-03
1472   1.220703E-03
1473   1.220703E-03
1474   1.831055E-03
1475   1.831055E-03
1476   1.831055E-03
1477   2.441406E-03
1478   2.441406E-03
1479   2.441406E-03
1480   2.441406E-03
1481   2.441406E-03
1482   1.831055E-03
1483   1.220703E-03
1484   1.220703E-03
1485   1.220703E-03
1486   6.103516E-04
1487   6.103516E-04
1488   1.831055E-03
1489   1.220703E-03
1490   1.831055E-03
1491   1.831055E-03
1492   1.831055E-03
1493   2.441406E-03
1494   2.441406E-03
1495   2.441406E-03
1496   2.441406E-03
1497   1.831055E-03
1498   1.831055E-03
1499   1.220703E-03
1500   1.220703E-03
1501   1.220703E-03
1502   6.103516E-04
1503   6.103516E-04
1504   1.220703E-03
1505   6.103516E-04
1506   1.220703E-03
1507   1.831055E-03
1508   1.831055E-03
1509   2.441406E-03
1510   2.441406E-03
1511   2.441406E-03
1512   2.441406E-03
1513   2.441406E-03
1514   2.441406E-03
1515   1.831055E-03
1516   1.220703E-03
1517   1.831055E-03
1518   1.220703E-03
1519   6.103516E-04
1520   1.220703E-03
1521   1.220703E-03
1522   6.103516E-04
1523   1.220703E-03
1524   1.831055E-03
1525   1.831055E-03
1526   2.441406E-03
1527   1.831055E-03
1528   2.441406E-03
1529   2.441406E-03
1530   2.441406E-03
1531   2.441406E-03
1532   1.831055E-03
1533   1.220703E-03
1534   1.220703E-03
1535   1.220703E-03
1536   1.220703E-03
1537   1.220703E-03
1538   1.220703E-03
1539   1.220703E-03
1540   1.831055E-03
1541   1.831055E-03
1542   2.441406E-03
1543   2.441406E-03
1544   2.441406E-03
1545   2.441406E-03
1546   1.831055E-03
1547   2.441406E-03
1548   1.831055E-03
1549   1.831055E-03
1550   1.220703E-03
1551   1.220703E-03
1552   1.220703E-03
1553   6.103516E-04
1554   1.220703E-03
1555   1.220703E-03
1556   6.103516E-04
1557   1.831055E-03
1558   1.831055E-03
1559   1.831055E-03
1560   2.441406E-03
1561   2.441406E-03
1562   2.441406E-03
1563   2.441406E-03
1564   2.441406E-03
1565   1.831055E-03
1566   1.831055E-03
1567   1.220703E-03
1568   1.220703E-03
1569   6.103516E-04
1570   6.103516E-04
1571   6.103516E-04
1572   1.220703E-03
1573   1.220703E-03
1574   1.220703E-03
1575   2.441406E-03
1576   2.441406E-03
1577   2.441406E-03
1578   2.441406E-03
1579   2.441406E-03
1580   2.441406E-03
1581   2.441406E-03
1582   1.831055E-03
1583   1.220703E-03
1584   1.220703E-03
1585   1.220703E-03
1586   1.220703E-03
1587   6.103516E-04
1588   1.220703E-03
1589   6.103516E-04
1590   1.831055E-03
1591   1.831055E-03
1592   1.220703E-03
1593   2.441406E-03
1594   2.441406E-03
1595   2.441406E-03
1596   1.831055E-03
1597   2.441406E-03
1598   1.831055E-03
1599   1.220703E-03
1600   1.220703E-03
1601   1.220703E-03
1602   1.220703E-03
1603   6.103516E-04
1604   6.103516E-04
1605   1.220703E-03
1606   1.220703E-03
1607   1.220703E-03
1608   1.831055E-03
1609   2.441406E-03
1610   2.441406E-03
1611   2.441406E-03
1612   2.441406E-03
1613   2.441406E-03
1614   1.831055E-03
1615   1.831055E-03
1616   1.220703E-03
1617   1.220703E-03
1618   1.220703E-03
1619   6.103516E-04
1620   6.103516E-04
1621   1.220703E-03
1622   1.220703E-03
1623   1.220703E-03
1624   1.220703E-03
1625   1.831055E-03
1626   2.441406E-03
1627   2.441406E-03
1628   2.441406E-03
1629   2.441406E-03
1630   2.441406E-03
1631   1.831055E-03
1632   1.220703E-03
1633   1.220703E-03
1634   1.220703E-03
1635   1.220703E-03
1636   6.103516E-04
1637   1.220703E-03
1638   1.220703E-03
1639   6.103516E-04
1640   1.831055E-03
1641   1.831055E-03
1642   1.831055E-03
1643   2.441406E-03
1644   2.441406E-03
1645   2.441406E-03
1646   2.441406E-03
1647   2.441406E-03
1648   1.220703E-03
1649   1.831055E-03
1650   1.831055E-03
1651   1.220703E-03
1652   6.103516E-04
1653   1.220703E-03
1654   1.220703E-03
1655   6.103516E-04
1656   1.220703E-03
1657   1.220703E-03
1658   1.831055E-03
1659   2.441406E-03
1660   2.441406E-03
1661   2.441406E-03
1662   1.831055E-03
1663   2.441406E-03
1664   2.441406E-03
1665   1.831055E-03
1666   1.831055E-03
1667   1.220703E-03
1668   1.220703E-03
1669   1.220703E-03
1670   6.103516E-04
1671   1.220703E-03
1672   6.103516E-04
1673   1.831055E-03
1674   2.441406E-03
1675   1.220703E-03
1676   1.831055E-03
1677   2.441406E-03
1678   2.441406E-03
1679   1.831055E-03
1680   2.441406E-03
1681   1.831055E-03
1682   1.831055E-03
1683   1.831055E-03
1684   1.220703E-03
1685   1.220703E-03
1686   6.103516E-04
1687   6.103516E-04
1688   1.220703E-03
1689   6.103516E-04
1690   1.220703E-03
1691   1.831055E-03
1692   1.831055E-03
1693   1.831055E-03
1694   2.441406E-03
1695   2.441406E-03
1696   2.441406E-03
1697   3.051758E-03
1698   1.220703E-03
1699   1.831055E-03
1700   1.831055E-03
1701   1.220703E-03
1702   1.220703E-03
1703   1.220703E-03
1704   6.103516E-04
1705   6.103516E-04
1706   1.220703E-03
1707   1.831055E-03
1708   1.831055E-03
1709   1.831055E-03
1710   2.441406E-03
1711   2.441406E-03
1712   2.441406E-03
1713   2.441406E-03
1714   2.441406E-03
1715   1.831055E-03
1716   1.220703E-03
1717   1.220703E-03
1718   1.220703E-03
1719   6.103516E-04
1720   1.220703E-03
1721   1.220703E-03
1722   1.220703E-03
1723   1.220703E-03
1724   1.831055E-03
1725   1.831055E-03
1726   1.831055E-03
1727   2.441406E-03
1728   2.441406E-03
1729   2.441406E-03
1730   2.441406E-03
1731   1.831055E-03
1732   1.220703E-03
1733   1.831055E-03
1734   1.220703E-03
1735   1.220703E-03
1736   6.103516E-04
1737   1.220703E-03
1738   1.220703E-03
1739   1.220703E-03
1740   1.831055E-03
1741   1.831055E-03
1742   1.831055E-03
1743   2.441406E-03
1744   3.051758E-03
1745   2.441406E-03
1746   1.831055E-03
1747   2.441406E-03
1748   1.831055E-03
1749   1.220703E-03
1750   1.831055E-03
1751   1.220703E-03
1752   6.103516E-04
1753   1.220703E-03
1754   1.220703E-03
1755   1.220703E-03
1756   1.831055E-03
1757   1.831055E-03
1758   1.831055E-03
1759   1.831055E-03
1760   2.441406E-03
1761   2.441406E-03
1762   2.441406E-03
1763   2.441406E-03
1764   1.831055E-03
1765   1.831055E-03
1766   1.831055E-03
1767   1.220703E-03
1768   1.220703E-03
1769   1.220703E-03
1770   1.220703E-03
1771   6.103516E-04
1772   1.220703E-03
1773   1.831055E-03
1774   1.831055E-03
1775   1.831055E-03
1776   2.441406E-03
1777   2.441406E-03
1778   2.441406E-03
1779   2.441406E-03
1780   1.831055E-03
1781   1.831055E-03
1782   1.831055E-03
1783   1.831055E-03
1784   1.220703E-03
1785   6.103516E-04
1786   1.220703E-03
1787   1.220703E-03
1788   1.220703E-03
1789   1.220703E-03
1790   1.831055E-03
1791   1.220703E-03
1792   1.831055E-03
1793   2.441406E-03
1794   2.441406E-03
1795   2.441406E-03
1796   2.441406E-03
1797   2.441406E-03
1798   1.831055E-03
1799   1.831055E-03
1800   1.831055E-03
1801   1.220703E-03
1802   1.220703E-03
1803   6.103516E-04
1804   6.103516E-04
1805   1.220703E-03
1806   1.220703E-03
1807   1.831055E-03
1808   1.220703E-03
1809   2.441406E-03
1810   2.441406E-03
1811   2.441406E-03
1812   1.831055E-03
1813   2.441406E-03
1814   2.441406E-03
1815   1.831055E-03
1816   1.831055E-03
1817   1.220703E-03
1818   1.220703E-03
1819   1.220703E-03
1820   1.220703E-03
1821   1.220703E-03
1822   1.220703E-03
1823   1.831055E-03
1824   1.831055E-03
1825   1.831055E-03
1826   1.831055E-03
1827   2.441406E-03
1828   2.441406E-03
1829   2.441406E-03
1830   2.441406E-03
1831   2.441406E-03
1832   1.831055E-03
1833   1.220703E-03
1834   1.220703E-03
1835   1.220703E-03
1836   6.103516E-04
1837   1.220703E-03
1838   1.220703E-03
1839   1.220703E-03
1840   1.831055E-03
1841   1.831055E-03
1842   2.441406E-03
1843   2.441406E-03
1844   1.831055E-03
1845   2.441406E-03
1846   2.441406E-03
1847   2.441406E-03
1848   1.831055E-03
1849   1.831055E-03
1850   1.220703E-03
1851   1.220703E-03
1852   6.103516E-04
1853   6.103516E-04
1854   6.103516E-04
1855   1.220703E-03
1856   1.220703E-03
1857   1.831055E-03
1858   1.831055E-03
1859   2.441406E-03
1860   1.831055E-03
1861   2.441406E-03
1862   3.051758E-03
1863   2.441406E-03
1864   1.831055E-03
1865   1.831055E-03
1866   1.831055E-03
1867   1.220703E-03
1868   1.220703E-03
1869   1.220703E-03
1870   6.103516E-04
1871   6.103516E-04
1872   1.220703E-03
1873   1.831055E-03
1874   1.220703E-03
1875   2.441406E-03
1876   2.441406E-03
1877   2.441406E-03
1878   2.441406E-03
1879   2.441406E-03
1880   1.831055E-03
1881   1.831055E-03
1882   1.220703E-03
1883   1.220703E-03
1884   1.220703E-03
1885   6.103516E-04
1886   1.220703E-03
1887   1.220703E-03
1888   6.103516E-04
1889   1.220703E-03
1890   1.831055E-03
1891   1.831055E-03
1892   1.831055E-03
1893   2.441406E-03
1894   2.441406E-03
1895   1.831055E-03
1896   2.441406E-03
1897   2.441406E-03
1898   1.831055E-03
1899   1.220703E-03
1900   1.831055E-03
1901   1.220703E-03
1902   6.103516E-04
1903   6.103516E-04
1904   1.220703E-03
1905   1.220703E-03
1906   1.220703E-03
1907   1.831055E-03
1908   1.831055E-03
1909   1.831055E-03
1910   2.441406E-03
1911   2.441406E-03
1912   2.441406E-03
1913   2.441406E-03
1914   2.441406E-03
1915   1.220703E-03
1916   1.831055E-03
1917   1.220703E-03
1918   1.220703E-03
1919   6.103516E-04
1920   6.103516E-04
1921   1.220703E-03
1922   1.220703E-03
1923   1.220703E-03
1924   1.220703E-03
1925   1.831055E-03
1926   2.441406E-03
1927   1.831055E-03
1928   2.441406E-03
1929   3.051758E-03
1930   2.441406E-03
1931   1.831055E-03
1932   1.220703E-03
1933   1.220703E-03
1934   1.220703E-03
1935   1.220703E-03
1936   6.103516E-04
1937   1.220703E-03
1938   6.103516E-04
1939   1.220703E-03
1940   1.831055E-03
1941   1.831055E-03
1942   1.831055E-03
1943   2.441406E-03
1944   2.441406E-03
1945   2.441406E-03
1946   2.441406E-03
1947   2.441406E-03
1948   1.831055E-03
1949   1.220703E-03
1950   1.831055E-03
1951   1.220703E-03
1952   6.103516E-04
1953   6.103516E-04
1954   1.220703E-03
1955   1.220703E-03
1956   1.220703E-03
1957   1.831055E-03
1958   1.831055E-03
1959   2.441406E-03
1960   2.441406E-03
1961   2.441406E-03
1962   2.441406E-03
1963   2.441406E-03
1964   1.831055E-03
1965   1.831055E-03
1966   1.831055E-03
1967   1.220703E-03
1968   1.220703E-03
1969   6.103516E-04
1970   6.103516E-04
1971   1.220703E-03
1972   1.220703E-03
1973   1.220703E-03
1974   1.831055E-03
1975   1.831055E-03
1976   1.831055E-03
1977   2.441406E-03
1978   2.441406E-03
1979   1.831055E-03
1980   2.441406E-03
1981   2.441406E-03
1982   1.220703E-03
1983   1.220703E-03
1984   1.220703E-03
1985   1.220703E-03
1986   6.103516E-04
1987   1.220703E-03
1988   1.220703E-03
1989   1.220703E-03
1990   1.831055E-03
1991   1.831055E-03
1992   1.831055E-03
1993   2.441406E-03
1994   2.441406E-03
1995   2.441406E-03
1996   2.441406E-03
1997   2.441406E-03
1998   1.831055E-03
1999   1.220703E-03
2000   1.220703E-03
2001   1.220703E-03
2002   6.103516E-04
2003   6.103516E-04
2004   1.220703E-03
2005   1.220703E-03
2006   1.220703E-03
2007   1.831055E-03
2008   1.831055E-03
2009   1.831055E-03
2010   2.441406E-03
2011   2.441406E-03
2012   1.831055E-03
2013   1.831055E-03
2014   2.441406E-03
2015   1.831055E-03
2016   1.220703E-03
2017   1.220703E-03
2018   1.220703E-03
2019   1.220703E-03
2020   6.103516E-04
2021   1.220703E-03
2022   1.220703E-03
2023   1.220703E-03
2024   1.831055E-03
2025   1.831055E-03
2026   2.441406E-03
2027   2.441406E-03
2028   2.441406E-03
2029   2.441406E-03
2030   2.441406E-03
2031   1.831055E-03
2032   1.831055E-03
2033   1.831055E-03
2034   1.220703E-03
2035   1.220703E-03
2036   6.103516E-04
2037   6.103516E-04
2038   1.220703E-03
2039   1.220703E-03
2040   1.220703E-03
2041   1.831055E-03
2042   2.441406E-03
2043   2.441406E-03
2044   2.441406E-03
2045   2.441406E-03
2046   2.441406E-03
2047   1.831055E-03
2048   1.831055E-03
2049   1.220703E-03
2050   1.220703E-03
2051   1.220703E-03
2052   1.220703E-03
2053   1.220703E-03
2054   1.220703E-03
2055   1.220703E-03
2056   1.220703E-03
2057   1.831055E-03
2058   1.831055E-03
2059   1.831055E-03
2060   2.441406E-03
2061   2.441406E-03
2062   2.441406E-03
2063   2.441406E-03
2064   1.831055E-03
2065   1.831055E-03
2066   1.831055E-03
2067   1.220703E-03
2068   1.220703E-03
2069   6.103516E-04
2070   1.220703E-03
2071   1.220703E-03
2072   1.220703E-03
2073   1.831055E-03
2074   1.831055E-03
2075   1.831055E-03
2076   2.441406E-03
2077   2.441406E-03
2078   2.441406E-03
2079   2.441406E-03
2080   2.441406E-03
2081   1.220703E-03
2082   1.220703E-03
2083   1.831055E-03
2084   1.220703E-03
2085   6.103516E-04
2086   1.220703E-03
2087   1.220703E-03
2088   6.103516E-04
2089   1.220703E-03
2090   1.831055E-03
2091   1.831055E-03
2092   1.831055E-03
2093   1.831055E-03
2094   2.441406E-03
2095   1.831055E-03
2096   2.441406E-03
2097   2.441406E-03
2098   1.220703E-03
2099   1.831055E-03
2100   1.220703E-03
2101   6.103516E-04
2102   1.220703E-03
2103   1.220703E-03
2104   1.220703E-03
2105   1.220703E-03
2106   1.220703E-03
2107   1.831055E-03
2108   1.831055E-03
2109   2.441406E-03
2110   2.441406E-03
2111   1.831055E-03
2112   2.441406E-03
2113   2.441406E-03
2114   1.831055E-03
2115   1.831055E-03
2116   1.831055E-03
2117   1.220703E-03
2118   6.103516E-04
2119   1.220703E-03
2120   1.220703E-03
2121   1.220703E-03
2122   1.220703E-03
2123   1.831055E-03
2124   1.831055E-03
2125   1.831055E-03
2126   2.441406E-03
2127   2.441406E-03
2128   1.831055E-03
2129   2.441406E-03
2130   2.441406E-03
2131   1.831055E-03
2132   1.220703E-03
2133   1.220703E-03
2134   1.220703E-03
2135   6.103516E-04
2136   6.103516E-04
2137   1.220703E-03
2138   1.220703E-03
2139   6.103516E-04
2140   1.220703E-03
2141   1.831055E-03
2142   2.441406E-03
2143   1.831055E-03
2144   2.441406E-03
2145   2.441406E-03
2146   1.831055E-03
2147   2.441406E-03
2148   1.831055E-03
2149   1.831055E-03
2150   1.220703E-03
2151   1.220703E-03
2152   6.103516E-04
2153   6.103516E-04
2154   1.220703E-03
2155   1.220703E-03
2156   1.220703E-03
2157   1.831055E-03
2158   1.831055E-03
2159   1.831055E-03
2160   2.441406E-03
2161   2.441406E-03
2162   2.441406E-03
2163   3.051758E-03
2164   1.831055E-03
2165   1.220703E-03
2166   1.831055E-03
2167   1.220703E-03
2168   6.103516E-04
2169   1.220703E-03
2170   1.220703E-03
2171   1.220703E-03
2172   1.220703E-03
2173   1.831055E-03
2174   1.831055E-03
2175   1.831055E-03
2176   2.441406E-03
2177   1.831055E-03
2178   2.441406E-03
2179   2.441406E-03
2180   2.441406E-03
2181   1.831055E-03
2182   1.831055E-03
2183   1.831055E-03
2184   1.220703E-03
2185   1.220703E-03
2186   1.220703E-03
2187   6.103516E-04
2188   1.220703E-03
2189   1.831055E-03
2190   1.831055E-03
2191   1.831055E-03
2192   2.441406E-03
2193   1.831055E-03
2194   2.441406E-03
2195   2.441406E-03
2196   2.441406E-03
2197   2.441406E-03
2198   1.831055E-03
2199   1.220703E-03
2200   1.220703E-03
2201   6.103516E-04
2202   6.103516E-04
2203   1.220703E-03
2204   1.220703E-03
2205   1.220703E-03
2206   1.220703E-03
2207   1.220703E-03
2208   1.831055E-03
2209   2.441406E-03
2210   1.831055E-03
2211   2.441406E-03
2212   2.441406E-03
2213   1.831055E-03
2214   1.831055E-03
2215   1.831055E-03
2216   1.831055E-03
2217   1.220703E-03
2218   1.220703E-03
2219   1.220703E-03
2220   6.103516E-04
2221   1.220703E-03
2222   1.220703E-03
2223   1.831055E-03
2224   1.831055E-03
2225   1.831055E-03
2226   2.441406E-03
2227   2.441406E-03
2228   2.441406E-03
2229   2.441406E-03
2230   2.441406E-03
2231   1.831055E-03
2232   1.220703E-03
2233   1.220703E-03
2234   1.220703E-03
2235   6.103516E-04
2236   1.220703E-03
2237   1.220703E-03
2238   1.220703E-03
2239   1.220703E-03
2240   1.831055E-03
2241   1.831055E-03
2242   2.441406E-03
2243   1.831055E-03
2244   2.441406E-03
2245   2.441406E-03
2246   2.441406E-03
2247   2.441406E-03
2248   1.831055E-03
2249   1.220703E-03
2250   1.220703E-03
2251   1.220703E-03
2252   1.220703E-03
2253   6.103516E-04
2254   1.220703E-03
2255   6.103516E-04
2256   1.831055E-03
2257   1.831055E-03
2258   1.831055E-03
2259   2.441406E-03
2260   2.441406E-03
2261   2.441406E-03
2262   2.441406E-03
2263   1.831055E-03
2264   1.831055E-03
2265   1.831055E-03
2266   1.220703E-03
2267   1.220703E-03
2268   1.220703E-03
2269   6.103516E-04
2270   1.220703E-03
2271   1.220703E-03
2272   1.220703E-03
2273   1.831055E-03
2274   1.831055E-03
2275   1.831055E-03
2276   2.441406E-03
2277   2.441406E-03
2278   2.441406E-03
2279   2.441406E-03
2280   2.441406E-03
2281   1.220703E-03
2282   1.831055E-03
2283   1.220703E-03
2284   1.220703E-03
2285   1.220703E-03
2286   6.103516E-04
2287   1.220703E-03
2288   1.220703E-03
2289   1.220703E-03
2290   1.831055E-03
2291   1.831055E-03
2292   1.831055E-03
2293   2.441406E-03
2294   2.441406E-03
2295   2.441406E-03
2296   2.441406E-03
2297   1.831055E-03
2298   1.220703E-03
2299   1.831055E-03
2300   1.220703E-03
2301   1.220703E-03
2302   1.220703E-03
2303   6.103516E-04
2304   1.220703E-03
2305   1.220703E-03
2306   1.220703E-03
2307   1.831055E-03
2308   1.831055E-03
2309   1.831055E-03
2310   1.831055E-03
2311   2.441406E-03
2312   2.441406E-03
2313   1.831055E-03
2314   1.831055E-03
2315   1.831055E-03
2316   1.220703E-03
2317   1.220703E-03
2318   1.220703E-03
2319   6.103516E-04
2320   6.103516E-04
2321   1.220703E-03
2322   1.220703E-03
2323   1.831055E-03
2324   1.831055E-03
2325   1.831055E-03
2326   2.441406E-03
2327   2.441406E-03
2328   2.441406E-03
2329   2.441406E-03
2330   2.441406E-03
2331   1.220703E-03
2332   2.441406E-03
2333   1.220703E-03
2334   1.220703E-03
2335   1.220703E-03
2336   1.220703E-03
2337   1.220703E-03
2338   1.220703E-03
2339   1.831055E-03
2340   1.220703E-03
2341   1.831055E-03
2342   1.831055E-03
2343   2.441406E-03
2344   2.441406E-03
2345   2.441406E-03
2346   2.441406E-03
2347   2.441406E-03
2348   1.831055E-03
2349   1.831055E-03
2350   1.220703E-03
2351   1.220703E-03
2352   6.103516E-04
2353   6.103516E-04
2354   1.220703E-03
2355   1.220703E-03
2356   1.220703E-03
2357   1.831055E-03
2358   1.831055E-03
2359   1.831055E-03
2360   2.441406E-03
2361   2.441406E-03
2362   2.441406E-03
2363   2.441406E-03
2364   1.831055E-03
2365   1.831055E-03
2366   1.831055E-03
2367   1.220703E-03
2368   1.220703E-03
2369   1.220703E-03
2370   1.220703E-03
2371   1.220703E-03
2372   1.220703E-03
2373   1.831055E-03
2374   1.831055E-03
2375   1.831055E-03
2376   2.441406E-03
2377   2.441406E-03
2378   2.441406E-03
2379   2.441406E-03
2380   2.441406E-03
2381   1.831055E-03
2382   1.831055E-03
2383   1.220703E-03
2384   1.220703E-03
2385   1.220703E-03
2386   1.220703E-03
2387   1.220703E-03
2388   6.103516E-04
2389   1.831055E-03
2390   1.831055E-03
2391   1.831055E-03
2392   1.831055E-03
2393   2.441406E-03
2394   2.441406E-03
2395   2.441406E-03
2396   2.441406E-03
2397   2.441406E-03
2398   1.831055E-03
2399   1.220703E-03
2400   1.220703E-03
2401   1.220703E-03
2402   1.220703E-03
2403   1.220703E-03
2404   1.220703E-03
2405   1.220703E-03
2406   1.831055E-03
2407   1.831055E-03
2408   2.441406E-03
2409   2.441406E-03
2410   1.831055E-03
2411   2.441406E-03
2412   2.441406E-03
2413   2.441406E-03
2414   1.831055E-03
2415   1.831055E-03
2416   1.220703E-03
2417   1.220703E-03
2418   1.220703E-03
2419   6.103516E-04
2420   1.220703E-03
2421   1.220703E-03
2422   1.220703E-03
2423   1.831055E-03
2424   1.831055E-03
2425   1.831055E-03
2426   2.441406E-03
2427   2.441406E-03
2428   2.441406E-03
2429   2.441406E-03
2430   2.441406E-03
2431   1.831055E-03
2432   1.220703E-03
2433   1.831055E-03
2434   1.220703E-03
2435   1.220703E-03
2436   1.220703E-03
2437   1.220703E-03
2438   1.220703E-03
2439   1.220703E-03
2440   1.831055E-03
2441   1.831055E-03
2442   2.441406E-03
2443   1.831055E-03
2444   2.441406E-03
2445   2.441406E-03
2446   2.441406E-03
2447   2.441406E-03
2448   1.220703E-03
2449   1.220703E-03
2450   1.220703E-03
2451   1.220703E-03
2452   1.220703E-03
2453   6.103516E-04
2454   1.220703E-03
2455   1.220703E-03
2456   1.831055E-03
2457   1.831055E-03
2458   1.831055E-03
2459   2.441406E-03
2460   2.441406E-03
2461   2.441406E-03
2462   2.441406E-03
2463   2.441406E-03
2464   1.831055E-03
2465   1.831055E-03
2466   1.220703E-03
2467   1.220703E-03
2468   1.220703E-03
2469   6.103516E-04
2470   1.220703E-03
2471   6.103516E-04
2472   1.831055E-03
2473   1.220703E-03
2474   1.831055E-03
2475   2.441406E-03
2476   1.831055E-03
2477   2.441406E-03
2478   2.441406E-03
2479   2.441406E-03
2480   2.441406E-03
2481   1.831055E-03
2482   1.220703E-03
2483   1.831055E-03
2484   1.220703E-03
2485   1.220703E-03
2486   6.103516E-04
2487   1.220703E-03
2488   1.220703E-03
2489   1.220703E-03
2490   1.831055E-03
2491   1.831055E-03
2492   1.831055E-03
2493   2.441406E-03
2494   2.441406E-03
2495   1.831055E-03
2496   2.441406E-03
2497   1.831055E-03
2498   1.220703E-03
2499   1.831055E-03
2500   1.220703E-03
2501   1.220703E-03
2502   1.220703E-03
2503   6.103516E-04
2504   1.220703E-03
2505   1.220703E-03
2506   1.831055E-03
2507   1.831055E-03
2508   1.831055E-03
2509   2.441406E-03
2510   1.831055E-03
2511   2.441406E-03
2512   2.441406E-03
2513   1.831055E-03
2514   1.831055E-03
2515   1.831055E-03
2516   1.220703E-03
2517   1.220703E-03
2518   1.220703E-03
2519   6.103516E-04
2520   1.220703E-03
2521   1.220703E-03
2522   1.220703E-03
2523   1.831055E-03
2524   1.220703E-03
2525   2.441406E-03
2526   2.441406E-03
2527   2.441406E-03
2528   2.441406E-03
2529   1.831055E-03
2530   2.441406E-03
2531   1.831055E-03
2532   1.220703E-03
2533   1.220703E-03
2534   1.220703E-03
2535   6.103516E-04
2536   1.220703E-03
2537   1.220703E-03
2538   1.220703E-03
2539   1.220703E-03
2540   1.831055E-03
2541   2.441406E-03
2542   1.831055E-03
2543   2.441406E-03
2544   2.441406E-03
2545   2.441406E-03
2546   1.831055E-03
2547   2.441406E-03
2548   1.220703E-03
2549   1.831055E-03
2550   1.220703E-03
2551   1.220703E-03
2552   1.220703E-03
2553   1.220703E-03
2554   1.220703E-03
2555   1.220703E-03
2556   1.831055E-03
2557   1.831055E-03
2558   1.831055E-03
2559   2.441406E-03
2560   1.831055E-03
2561   2.441406E-03
2562   2.441406E-03
2563   2.441406E-03
2564   1.831055E-03
2565   1.831055E-03
2566   1.220703E-03
2567   1.220703E-03
2568   1.220703E-03
2569   6.103516E-04
2570   1.220703E-03
2571   1.220703E-03
2572   1.220703E-03
2573   1.220703E-03
2574   1.831055E-03
2575   2.441406E-03
2576   2.441406E-03
2577   3.051758E-03
2578   2.441406E-03
2579   2.441406E-03
2580   2.441406E-03
2581   1.831055E-03
2582   1.220703E-03
2583   1.831055E-03
2584   1.220703E-03
2585   6.103516E-04
2586   1.220703E-03
2587   1.220703E-03
2588   6.103516E-04
2589   1.831055E-03
2590   1.831055E-03
2591   1.831055E-03
2592   2.441406E-03
2593   2.441406E-03
2594   2.441406E-03
2595   2.441406E-03
2596   2.441406E-03
2597   1.831055E-03
2598   1.220703E-03
2599   1.831055E-03
2600   1.220703E-03
2601   6.103516E-04
2602   6.103516E-04
2603   1.220703E-03
2604   6.103516E-04
2605   1.220703E-03
2606   1.220703E-03
2607   1.220703E-03
2608   1.831055E-03
2609   2.441406E-03
2610   2.441406E-03
2611   2.441406E-03
2612   2.441406E-03
2613   1.831055E-03
2614   1.831055E-03
2615   1.831055E-03
2616   1.220703E-03
2617   1.220703E-03
2618   1.220703E-03
2619   6.103516E-04
2620   1.220703E-03
2621   1.220703E-03
2622   1.220703E-03
2623   1.831055E-03
2624   1.831055E-03
2625   2.441406E-03
2626   2.441406E-03
2627   2.441406E-03
2628   2.441406E-03
2629   2.441406E-03
2630   2.441406E-03
2631   1.220703E-03
2632   1.831055E-03
2633   1.220703E-03
2634   1.220703E-03
2635   1.220703E-03
2636   6.103516E-04
2637   1.220703E-03
2638   1.220703E-03
2639   1.220703E-03
2640   1.220703E-03
2641   2.441406E-03
2642   2.441406E-03
2643   2.441406E-03
2644   2.441406E-03
2645   1.831055E-03
2646   2.441406E-03
2647   1.220703E-03
2648   1.831055E-03
2649   1.831055E-03
2650   1.220703E-03
2651   6.103516E-04
2652   1.220703E-03
2653   6.103516E-04
2654   1.220703E-03
2655   1.220703E-03
2656   1.220703E-03
2657   1.831055E-03
2658   2.441406E-03
2659   1.831055E-03
2660   2.441406E-03
2661   2.441406E-03
2662   2.441406E-03
2663   2.441406E-03
2664   1.831055E-03
2665   1.831055E-03
2666   1.220703E-03
2667   1.220703E-03
2668   6.103516E-04
2669   6.103516E-04
2670   1.220703E-03
2671   1.220703E-03
2672   1.220703E-03
2673   1.831055E-03
2674   1.831055E-03
2675   2.441406E-03
2676   2.441406E-03
2677   2.441406E-03
2678   2.441406E-03
2679   2.441406E-03
2680   1.831055E-03
2681   1.220703E-03
2682   1.831055E-03
2683   1.220703E-03
2684   1.220703E-03
2685   1.220703E-03
2686   6.103516E-04
2687   1.220703E-03
2688   1.220703E-03
2689   1.220703E-03
2690   1.831055E-03
2691   1.831055E-03
2692   1.831055E-03
2693   2.441406E-03
2694   2.441406E-03
2695   2.441406E-03
2696   1.831055E-03
2697   1.831055E-03
2698   1.831055E-03
2699   1.220703E-03
2700   1.220703E-03
2701   1.220703E-03
2702   6.103516E-04
2703   6.103516E-04
2704   1.220703E-03
2705   1.220703E-03
2706   1.220703E-03
2707   1.831055E-03
2708   2.441406E-03
2709   1.831055E-03
2710   2.441406E-03
2711   2.441406E-03
2712   2.441406E-03
2713   2.441406E-03
2714   1.831055E-03
2715   1.831055E-03
2716   1.831055E-03
2717   1.220703E-03
2718   1.220703E-03
2719   1.220703E-03
2720   6.103516E-04
2721   1.220703E-03
2722   1.220703E-03
2723   1.220703E-03
2724   1.831055E-03
2725   2.441406E-03
2726   2.441406E-03
2727   2.441406E-03
2728   2.441406E-03
2729   1.831055E-03
2730   2.441406E-03
2731   1.831055E-03
2732   1.220703E-03
2733   1.220703E-03
2734   1.220703E-03
2735   1.220703E-03
2736   1.220703E-03
2737   1.220703E-03
2738   1.220703E-03
2739   1.831055E-03
2740   1.831055E-03
2741   1.831055E-03
2742   2.441406E-03
2743   2.441406E-03
2744   2.441406E-03
2745   2.441406E-03
2746   2.441406E-03
2747   1.831055E-03
2748   1.220703E-03
2749   1.831055E-03
2750   1.220703E-03
2751   1.220703E-03
2752   6.103516E-04
2753   1.220703E-03
2754   1.220703E-03
2755   1.220703E-03
2756   1.220703E-03
2757   1.831055E-03
2758   1.831055E-03
2759   1.831055E-03
2760   2.441406E-03
2761   2.441406E-03
2762   2.441406E-03
2763   2.441406E-03
2764   1.220703E-03
2765   1.831055E-03
2766   1.220703E-03
2767   1.220703E-03
2768   1.220703E-03
2769   6.103516E-04
2770   1.220703E-03
2771   1.220703E-03
2772   1.220703E-03
2773   1.831055E-03
2774   1.831055E-03
2775   1.831055E-03
2776   2.441406E-03
2777   2.441406E-03
2778   1.831055E-03
2779   2.441406E-03
2780   2.441406E-03
2781   1.831055E-03
2782   1.831055E-03
2783   1.220703E-03
2784   1.220703E-03
2785   1.220703E-03
2786   6.103516E-04
2787   1.220703E-03
2788   1.220703E-03
2789   1.831055E-03
2790   1.831055E-03
2791   1.831055E-03
2792   2.441406E-03
2793   2.441406E-03
2794   1.831055E-03
2795   2.441406E-03
2796   2.441406E-03
2797   1.831055E-03
2798   1.831055E-03
2799   1.220703E-03
2800   1.220703E-03
2801   1.220703E-03
2802   1.220703E-03
2803   1.220703E-03
2804   1.220703E-03
2805   1.220703E-03
2806   1.831055E-03
2807   1.831055E-03
2808   2.441406E-03
2809   2.441406E-03
2810   2.441406E-03
2811   2.441406E-03
2812   2.441406E-03
2813   1.831055E-03
2814   1.831055E-03
2815   1.831055E-03
0   0
