-256   9.765625E-03
-255   9.765625E-03
-254   9.765625E-03
-253   9.155273E-03
-252   9.155273E-03
-251   8.544922E-03
-250   8.544922E-03
-249   8.544922E-03
-248   8.544922E-03
-247   9.155273E-03
-246   8.544922E-03
-245   9.155273E-03
-244   9.765625E-03
-243   9.765625E-03
-242   9.765625E-03
-241   1.037598E-02
-240   1.037598E-02
-239   1.037598E-02
-238   1.037598E-02
-237   1.037598E-02
-236   9.155273E-03
-235   9.155273E-03
-234   8.544922E-03
-233   8.544922E-03
-232   8.544922E-03
-231   8.544922E-03
-230   8.544922E-03
-229   8.544922E-03
-228   9.155273E-03
-227   9.155273E-03
-226   9.765625E-03
-225   1.037598E-02
-224   1.037598E-02
-223   9.765625E-03
-222   9.765625E-03
-221   9.765625E-03
-220   9.155273E-03
-219   9.155273E-03
-218   9.155273E-03
-217   9.155273E-03
-216   8.544922E-03
-215   9.155273E-03
-214   9.155273E-03
-213   8.544922E-03
-212   9.765625E-03
-211   9.765625E-03
-210   9.765625E-03
-209   1.037598E-02
-208   1.037598E-02
-207   1.037598E-02
-206   1.037598E-02
-205   1.037598E-02
-204   1.037598E-02
-203   9.155273E-03
-202   9.765625E-03
-201   8.544922E-03
-200   9.155273E-03
-199   9.155273E-03
-198   8.544922E-03
-197   9.155273E-03
-196   9.155273E-03
-195   9.765625E-03
-194   9.765625E-03
-193   9.765625E-03
-192   9.765625E-03
-191   9.765625E-03
-190   1.037598E-02
-189   1.037598E-02
-188   1.037598E-02
-187   9.765625E-03
-186   9.155273E-03
-185   9.765625E-03
-184   9.155273E-03
-183   9.155273E-03
-182   9.155273E-03
-181   9.155273E-03
-180   8.544922E-03
-179   9.155273E-03
-178   9.765625E-03
-177   9.765625E-03
-176   1.037598E-02
-175   1.037598E-02
-174   1.037598E-02
-173   1.037598E-02
-172   1.037598E-02
-171   1.098633E-02
-170   9.765625E-03
-169   9.765625E-03
-168   9.765625E-03
-167   9.155273E-03
-166   9.155273E-03
-165   9.155273E-03
-164   9.155273E-03
-163   9.155273E-03
-162   9.765625E-03
-161   9.765625E-03
-160   9.765625E-03
-159   1.037598E-02
-158   1.037598E-02
-157   1.037598E-02
-156   1.037598E-02
-155   1.037598E-02
-154   9.765625E-03
-153   9.765625E-03
-152   9.765625E-03
-151   9.155273E-03
-150   9.155273E-03
-149   9.155273E-03
-148   9.155273E-03
-147   9.155273E-03
-146   9.765625E-03
-145   9.765625E-03
-144   9.765625E-03
-143   1.037598E-02
-142   1.098633E-02
-141   1.098633E-02
-140   1.098633E-02
-139   1.098633E-02
-138   1.037598E-02
-137   9.765625E-03
-136   9.765625E-03
-135   9.765625E-03
-134   9.765625E-03
-133   9.155273E-03
-132   9.765625E-03
-131   8.544922E-03
-130   9.155273E-03
-129   9.765625E-03
-128   9.765625E-03
-127   1.037598E-02
-126   1.098633E-02
-125   1.098633E-02
-124   1.098633E-02
-123   1.098633E-02
-122   1.037598E-02
-121   1.098633E-02
-120   1.037598E-02
-119   9.765625E-03
-118   9.765625E-03
-117   9.155273E-03
-116   9.765625E-03
-115   9.765625E-03
-114   9.765625E-03
-113   9.765625E-03
-112   1.037598E-02
-111   1.098633E-02
-110   1.159668E-02
-109   1.037598E-02
-108   1.098633E-02
-107   1.098633E-02
-106   1.098633E-02
-105   1.159668E-02
-104   1.037598E-02
-103   9.765625E-03
-102   1.037598E-02
-101   9.765625E-03
-100   9.765625E-03
-99   9.765625E-03
-98   9.765625E-03
-97   9.155273E-03
-96   9.765625E-03
-95   9.765625E-03
-94   1.037598E-02
-93   1.098633E-02
-92   1.037598E-02
-91   1.098633E-02
-90   1.098633E-02
-89   1.098633E-02
-88   1.037598E-02
-87   1.037598E-02
-86   1.037598E-02
-85   9.765625E-03
-84   9.765625E-03
-83   1.037598E-02
-82   1.037598E-02
-81   9.765625E-03
-80   1.037598E-02
-79   9.765625E-03
-78   9.765625E-03
-77   1.098633E-02
-76   1.098633E-02
-75   1.098633E-02
-74   1.098633E-02
-73   1.098633E-02
-72   1.037598E-02
-71   1.098633E-02
-70   1.037598E-02
-69   9.765625E-03
-68   9.765625E-03
-67   1.037598E-02
-66   9.765625E-03
-65   1.037598E-02
-64   9.765625E-03
-63   9.765625E-03
-62   1.098633E-02
-61   1.037598E-02
-60   1.037598E-02
-59   1.098633E-02
-58   1.159668E-02
-57   1.098633E-02
-56   1.098633E-02
-55   1.098633E-02
-54   1.098633E-02
-53   1.037598E-02
-52   1.037598E-02
-51   9.765625E-03
-50   1.037598E-02
-49   9.765625E-03
-48   9.765625E-03
-47   9.765625E-03
-46   1.037598E-02
-45   1.098633E-02
-44   1.098633E-02
-43   1.159668E-02
-42   1.098633E-02
-41   1.098633E-02
-40   1.098633E-02
-39   1.159668E-02
-38   1.159668E-02
-37   1.098633E-02
-36   1.098633E-02
-35   1.037598E-02
-34   9.765625E-03
-33   1.037598E-02
-32   1.037598E-02
-31   9.765625E-03
-30   1.037598E-02
-29   1.037598E-02
-28   1.037598E-02
-27   1.098633E-02
-26   1.098633E-02
-25   1.098633E-02
-24   1.159668E-02
-23   1.159668E-02
-22   1.159668E-02
-21   1.159668E-02
-20   1.098633E-02
-19   1.037598E-02
-18   9.765625E-03
-17   1.037598E-02
-16   1.037598E-02
-15   9.765625E-03
-14   1.037598E-02
-13   1.037598E-02
-12   1.037598E-02
-11   1.159668E-02
-10   1.159668E-02
-9   1.159668E-02
-8   1.159668E-02
-7   1.159668E-02
-6   1.159668E-02
-5   1.159668E-02
-4   1.098633E-02
-3   1.037598E-02
-2   1.098633E-02
-1   0.0177002
0   5.493164E-03
1   1.037598E-02
2   9.765625E-03
3   9.765625E-03
4   1.037598E-02
5   1.098633E-02
6   1.159668E-02
7   1.159668E-02
8   1.159668E-02
9   1.220703E-02
10   1.159668E-02
11   1.159668E-02
12   1.159668E-02
13   1.098633E-02
14   1.037598E-02
15   1.037598E-02
16   1.037598E-02
17   9.765625E-03
18   1.037598E-02
19   9.765625E-03
20   9.765625E-03
21   1.037598E-02
22   1.037598E-02
23   1.098633E-02
24   1.098633E-02
25   1.098633E-02
26   1.098633E-02
27   1.098633E-02
28   1.037598E-02
29   1.037598E-02
30   9.765625E-03
31   9.765625E-03
32   9.155273E-03
33   9.155273E-03
34   9.155273E-03
35   9.155273E-03
36   9.155273E-03
37   9.155273E-03
38   9.155273E-03
39   9.765625E-03
40   9.155273E-03
41   1.037598E-02
42   9.765625E-03
43   9.765625E-03
44   9.765625E-03
45   9.765625E-03
46   9.155273E-03
47   9.155273E-03
48   8.544922E-03
49   8.544922E-03
50   8.544922E-03
51   8.544922E-03
52   7.93457E-03
53   7.93457E-03
54   7.93457E-03
55   9.155273E-03
56   8.544922E-03
57   9.155273E-03
58   9.155273E-03
59   9.155273E-03
60   9.155273E-03
61   9.155273E-03
62   9.155273E-03
63   8.544922E-03
64   7.93457E-03
65   7.93457E-03
66   7.324219E-03
67   7.324219E-03
68   7.324219E-03
69   7.324219E-03
70   7.324219E-03
71   7.93457E-03
72   7.93457E-03
73   8.544922E-03
74   8.544922E-03
75   7.93457E-03
76   8.544922E-03
77   8.544922E-03
78   7.93457E-03
79   7.93457E-03
80   7.324219E-03
81   6.713867E-03
82   7.324219E-03
83   6.713867E-03
84   7.324219E-03
85   6.713867E-03
86   6.103516E-03
87   6.713867E-03
88   7.324219E-03
89   7.324219E-03
90   7.93457E-03
91   7.324219E-03
92   7.324219E-03
93   7.93457E-03
94   7.93457E-03
95   7.93457E-03
96   7.324219E-03
97   6.713867E-03
98   6.713867E-03
99   6.713867E-03
100   6.103516E-03
101   5.493164E-03
102   6.103516E-03
103   6.103516E-03
104   6.713867E-03
105   6.713867E-03
106   6.713867E-03
107   7.324219E-03
108   6.713867E-03
109   7.324219E-03
110   7.324219E-03
111   7.324219E-03
112   6.713867E-03
113   6.713867E-03
114   6.103516E-03
115   6.103516E-03
116   6.103516E-03
117   5.493164E-03
118   5.493164E-03
119   5.493164E-03
120   5.493164E-03
121   6.103516E-03
122   6.713867E-03
123   6.103516E-03
124   6.713867E-03
125   6.713867E-03
126   6.713867E-03
127   6.713867E-03
128   6.713867E-03
129   6.713867E-03
130   5.493164E-03
131   5.493164E-03
132   4.882813E-03
133   4.882813E-03
134   4.882813E-03
135   4.882813E-03
136   4.882813E-03
137   5.493164E-03
138   6.103516E-03
139   5.493164E-03
140   6.713867E-03
141   6.103516E-03
142   6.103516E-03
143   6.713867E-03
144   6.103516E-03
145   6.103516E-03
146   5.493164E-03
147   5.493164E-03
148   5.493164E-03
149   4.882813E-03
150   4.882813E-03
151   4.882813E-03
152   4.882813E-03
153   4.882813E-03
154   4.882813E-03
155   5.493164E-03
156   5.493164E-03
157   5.493164E-03
158   6.103516E-03
159   6.103516E-03
160   6.103516E-03
161   6.103516E-03
162   5.493164E-03
163   5.493164E-03
164   4.882813E-03
165   4.882813E-03
166   4.272461E-03
167   4.272461E-03
168   4.272461E-03
169   4.272461E-03
170   4.272461E-03
171   4.882813E-03
172   5.493164E-03
173   5.493164E-03
174   5.493164E-03
175   5.493164E-03
176   5.493164E-03
177   5.493164E-03
178   5.493164E-03
179   4.272461E-03
180   4.882813E-03
181   4.882813E-03
182   4.272461E-03
183   4.272461E-03
184   4.272461E-03
185   3.662109E-03
186   4.272461E-03
187   4.272461E-03
188   4.882813E-03
189   4.882813E-03
190   5.493164E-03
191   5.493164E-03
192   4.882813E-03
193   5.493164E-03
194   5.493164E-03
195   4.882813E-03
196   4.882813E-03
197   4.272461E-03
198   4.272461E-03
199   4.272461E-03
200   3.662109E-03
201   3.662109E-03
202   3.662109E-03
203   3.662109E-03
204   4.272461E-03
205   4.882813E-03
206   4.882813E-03
207   4.882813E-03
208   4.882813E-03
209   4.882813E-03
210   5.493164E-03
211   4.882813E-03
212   4.882813E-03
213   4.882813E-03
214   4.272461E-03
215   3.662109E-03
216   3.662109E-03
217   3.662109E-03
218   3.662109E-03
219   3.051758E-03
220   3.662109E-03
221   4.272461E-03
222   4.272461E-03
223   4.882813E-03
224   4.882813E-03
225   4.882813E-03
226   4.882813E-03
227   4.882813E-03
228   4.882813E-03
229   4.272461E-03
230   4.272461E-03
231   3.662109E-03
232   3.662109E-03
233   3.662109E-03
234   3.051758E-03
235   3.051758E-03
236   3.662109E-03
237   3.662109E-03
238   4.272461E-03
239   4.272461E-03
240   4.882813E-03
241   4.272461E-03
242   4.882813E-03
243   4.882813E-03
244   4.272461E-03
245   4.272461E-03
246   4.272461E-03
247   3.662109E-03
248   3.662109E-03
249   3.662109E-03
250   3.051758E-03
251   3.051758E-03
252   3.662109E-03
253   3.051758E-03
254   3.662109E-03
255   4.272461E-03
256   3.662109E-03
257   4.272461E-03
258   4.272461E-03
259   4.272461E-03
260   4.272461E-03
261   4.272461E-03
262   4.272461E-03
263   3.662109E-03
264   3.662109E-03
265   3.051758E-03
266   3.051758E-03
267   3.051758E-03
268   2.441406E-03
269   3.051758E-03
270   3.662109E-03
271   3.662109E-03
272   3.662109E-03
273   4.272461E-03
274   4.272461E-03
275   4.272461E-03
276   4.272461E-03
277   4.272461E-03
278   4.272461E-03
279   3.662109E-03
280   3.662109E-03
281   3.051758E-03
282   3.051758E-03
283   3.051758E-03
284   2.441406E-03
285   2.441406E-03
286   3.051758E-03
287   3.051758E-03
288   3.051758E-03
289   3.662109E-03
290   3.662109E-03
291   3.662109E-03
292   4.272461E-03
293   4.272461E-03
294   4.272461E-03
295   3.662109E-03
296   3.662109E-03
297   3.051758E-03
298   3.051758E-03
299   3.051758E-03
300   3.051758E-03
301   2.441406E-03
302   2.441406E-03
303   3.051758E-03
304   3.051758E-03
305   3.662109E-03
306   3.662109E-03
307   4.272461E-03
308   3.662109E-03
309   3.662109E-03
310   3.662109E-03
311   4.272461E-03
312   3.662109E-03
313   3.051758E-03
314   3.051758E-03
315   2.441406E-03
316   3.051758E-03
317   2.441406E-03
318   3.051758E-03
319   2.441406E-03
320   2.441406E-03
321   3.662109E-03
322   3.662109E-03
323   3.662109E-03
324   3.662109E-03
325   3.662109E-03
326   3.662109E-03
327   3.662109E-03
328   3.662109E-03
329   3.662109E-03
330   3.051758E-03
331   2.441406E-03
332   3.051758E-03
333   2.441406E-03
334   2.441406E-03
335   2.441406E-03
336   2.441406E-03
337   3.051758E-03
338   3.051758E-03
339   2.441406E-03
340   3.662109E-03
341   3.662109E-03
342   3.662109E-03
343   3.662109E-03
344   3.662109E-03
345   3.051758E-03
346   3.051758E-03
347   3.051758E-03
348   2.441406E-03
349   2.441406E-03
350   2.441406E-03
351   2.441406E-03
352   2.441406E-03
353   2.441406E-03
354   3.051758E-03
355   3.051758E-03
356   3.051758E-03
357   3.662109E-03
358   3.662109E-03
359   3.662109E-03
360   3.662109E-03
361   3.662109E-03
362   3.662109E-03
363   3.051758E-03
364   3.051758E-03
365   2.441406E-03
366   2.441406E-03
367   2.441406E-03
368   1.831055E-03
369   2.441406E-03
370   2.441406E-03
371   3.051758E-03
372   3.051758E-03
373   3.051758E-03
374   3.662109E-03
375   3.662109E-03
376   3.051758E-03
377   3.662109E-03
378   3.662109E-03
379   3.051758E-03
380   2.441406E-03
381   2.441406E-03
382   1.831055E-03
383   2.441406E-03
384   2.441406E-03
385   1.831055E-03
386   2.441406E-03
387   2.441406E-03
388   2.441406E-03
389   3.051758E-03
390   3.051758E-03
391   3.051758E-03
392   3.662109E-03
393   3.662109E-03
394   3.051758E-03
395   3.662109E-03
396   3.051758E-03
397   2.441406E-03
398   2.441406E-03
399   2.441406E-03
400   1.831055E-03
401   2.441406E-03
402   1.831055E-03
403   1.831055E-03
404   3.051758E-03
405   3.051758E-03
406   3.051758E-03
407   3.051758E-03
408   3.662109E-03
409   3.662109E-03
410   3.662109E-03
411   3.662109E-03
412   3.051758E-03
413   2.441406E-03
414   2.441406E-03
415   2.441406E-03
416   1.831055E-03
417   2.441406E-03
418   1.831055E-03
419   1.831055E-03
420   2.441406E-03
421   2.441406E-03
422   2.441406E-03
423   3.051758E-03
424   3.051758E-03
425   3.662109E-03
426   3.662109E-03
427   3.662109E-03
428   3.051758E-03
429   3.051758E-03
430   2.441406E-03
431   2.441406E-03
432   2.441406E-03
433   1.831055E-03
434   1.831055E-03
435   1.831055E-03
436   1.831055E-03
437   2.441406E-03
438   2.441406E-03
439   3.051758E-03
440   3.051758E-03
441   3.051758E-03
442   3.662109E-03
443   3.662109E-03
444   3.662109E-03
445   3.051758E-03
446   2.441406E-03
447   2.441406E-03
448   2.441406E-03
449   1.831055E-03
450   1.831055E-03
451   1.831055E-03
452   1.831055E-03
453   2.441406E-03
454   2.441406E-03
455   2.441406E-03
456   3.051758E-03
457   3.051758E-03
458   3.051758E-03
459   3.051758E-03
460   3.051758E-03
461   3.051758E-03
462   2.441406E-03
463   2.441406E-03
464   1.831055E-03
465   1.831055E-03
466   1.831055E-03
467   1.220703E-03
468   1.831055E-03
469   1.831055E-03
470   1.831055E-03
471   2.441406E-03
472   2.441406E-03
473   2.441406E-03
474   3.051758E-03
475   3.051758E-03
476   3.051758E-03
477   2.441406E-03
478   3.051758E-03
479   2.441406E-03
480   2.441406E-03
481   1.831055E-03
482   1.831055E-03
483   1.831055E-03
484   1.831055E-03
485   1.831055E-03
486   1.831055E-03
487   2.441406E-03
488   2.441406E-03
489   3.051758E-03
490   3.051758E-03
491   3.051758E-03
492   3.051758E-03
493   3.051758E-03
494   3.051758E-03
495   3.051758E-03
496   2.441406E-03
497   2.441406E-03
498   1.831055E-03
499   1.831055E-03
500   1.831055E-03
501   1.220703E-03
502   1.831055E-03
503   1.831055E-03
504   2.441406E-03
505   3.051758E-03
506   2.441406E-03
507   3.051758E-03
508   3.051758E-03
509   2.441406E-03
510   3.662109E-03
511   3.051758E-03
512   2.441406E-03
513   2.441406E-03
514   1.831055E-03
515   1.831055E-03
516   1.831055E-03
517   1.831055E-03
518   1.831055E-03
519   1.831055E-03
520   1.831055E-03
521   2.441406E-03
522   2.441406E-03
523   2.441406E-03
524   3.051758E-03
525   3.051758E-03
526   3.051758E-03
527   3.662109E-03
528   3.051758E-03
529   1.831055E-03
530   2.441406E-03
531   1.831055E-03
532   1.831055E-03
533   1.831055E-03
534   1.831055E-03
535   1.220703E-03
536   1.831055E-03
537   2.441406E-03
538   1.831055E-03
539   2.441406E-03
540   3.051758E-03
541   3.051758E-03
542   3.051758E-03
543   3.662109E-03
544   3.051758E-03
545   3.051758E-03
546   1.831055E-03
547   1.831055E-03
548   1.220703E-03
549   1.220703E-03
550   1.831055E-03
551   1.831055E-03
552   1.831055E-03
553   1.831055E-03
554   2.441406E-03
555   2.441406E-03
556   3.051758E-03
557   3.051758E-03
558   3.051758E-03
559   3.051758E-03
560   3.051758E-03
561   3.051758E-03
562   1.831055E-03
563   2.441406E-03
564   1.831055E-03
565   1.831055E-03
566   1.831055E-03
567   1.220703E-03
568   1.831055E-03
569   1.220703E-03
570   1.831055E-03
571   2.441406E-03
572   2.441406E-03
573   3.051758E-03
574   2.441406E-03
575   3.051758E-03
576   2.441406E-03
577   3.051758E-03
578   3.051758E-03
579   2.441406E-03
580   2.441406E-03
581   1.831055E-03
582   1.220703E-03
583   1.831055E-03
584   1.220703E-03
585   1.220703E-03
586   1.831055E-03
587   2.441406E-03
588   1.831055E-03
589   2.441406E-03
590   2.441406E-03
591   2.441406E-03
592   3.051758E-03
593   3.051758E-03
594   3.051758E-03
595   2.441406E-03
596   2.441406E-03
597   1.831055E-03
598   1.831055E-03
599   1.220703E-03
600   1.220703E-03
601   1.220703E-03
602   1.220703E-03
603   1.220703E-03
604   2.441406E-03
605   2.441406E-03
606   2.441406E-03
607   2.441406E-03
608   3.051758E-03
609   3.051758E-03
610   3.051758E-03
611   2.441406E-03
612   1.831055E-03
613   1.831055E-03
614   1.831055E-03
615   1.831055E-03
616   1.220703E-03
617   1.220703E-03
618   1.220703E-03
619   1.220703E-03
620   1.831055E-03
621   2.441406E-03
622   2.441406E-03
623   2.441406E-03
624   3.051758E-03
625   2.441406E-03
626   2.441406E-03
627   3.051758E-03
628   3.051758E-03
629   1.831055E-03
630   1.831055E-03
631   1.831055E-03
632   1.220703E-03
633   1.220703E-03
634   6.103516E-04
635   1.220703E-03
636   1.220703E-03
637   1.831055E-03
638   2.441406E-03
639   2.441406E-03
640   3.051758E-03
641   3.051758E-03
642   2.441406E-03
643   3.051758E-03
644   2.441406E-03
645   2.441406E-03
646   1.831055E-03
647   1.831055E-03
648   1.220703E-03
649   1.831055E-03
650   1.220703E-03
651   1.220703E-03
652   1.220703E-03
653   1.220703E-03
654   2.441406E-03
655   1.831055E-03
656   3.051758E-03
657   3.051758E-03
658   2.441406E-03
659   3.051758E-03
660   3.051758E-03
661   2.441406E-03
662   2.441406E-03
663   1.831055E-03
664   1.831055E-03
665   1.220703E-03
666   1.220703E-03
667   1.220703E-03
668   1.220703E-03
669   1.220703E-03
670   1.831055E-03
671   2.441406E-03
672   2.441406E-03
673   2.441406E-03
674   2.441406E-03
675   2.441406E-03
676   3.051758E-03
677   3.051758E-03
678   2.441406E-03
679   1.831055E-03
680   1.831055E-03
681   1.220703E-03
682   1.220703E-03
683   1.220703E-03
684   1.220703E-03
685   1.220703E-03
686   1.220703E-03
687   1.831055E-03
688   1.831055E-03
689   2.441406E-03
690   3.051758E-03
691   2.441406E-03
692   3.051758E-03
693   3.051758E-03
694   2.441406E-03
695   2.441406E-03
696   1.831055E-03
697   1.831055E-03
698   1.220703E-03
699   1.220703E-03
700   1.831055E-03
701   1.220703E-03
702   1.220703E-03
703   1.220703E-03
704   2.441406E-03
705   2.441406E-03
706   2.441406E-03
707   3.051758E-03
708   2.441406E-03
709   3.051758E-03
710   2.441406E-03
711   2.441406E-03
712   1.831055E-03
713   1.831055E-03
714   1.831055E-03
715   1.220703E-03
716   1.220703E-03
717   1.220703E-03
718   1.220703E-03
719   1.220703E-03
720   1.831055E-03
721   1.831055E-03
722   2.441406E-03
723   2.441406E-03
724   2.441406E-03
725   2.441406E-03
726   3.051758E-03
727   2.441406E-03
728   2.441406E-03
729   1.220703E-03
730   1.831055E-03
731   1.220703E-03
732   1.220703E-03
733   1.220703E-03
734   1.220703E-03
735   1.220703E-03
736   1.220703E-03
737   1.831055E-03
738   1.831055E-03
739   2.441406E-03
740   2.441406E-03
741   3.051758E-03
742   2.441406E-03
743   3.051758E-03
744   2.441406E-03
745   2.441406E-03
746   1.220703E-03
747   1.831055E-03
748   1.220703E-03
749   1.220703E-03
750   1.220703E-03
751   1.220703E-03
752   1.220703E-03
753   1.220703E-03
754   2.441406E-03
755   1.831055E-03
756   2.441406E-03
757   2.441406E-03
758   1.831055E-03
759   2.441406E-03
760   1.831055E-03
761   2.441406E-03
762   2.441406E-03
763   1.831055E-03
764   1.831055E-03
765   1.220703E-03
766   1.220703E-03
767   1.220703E-03
768   1.220703E-03
769   1.220703E-03
770   1.831055E-03
771   1.831055E-03
772   1.831055E-03
773   2.441406E-03
774   2.441406E-03
775   3.051758E-03
776   3.051758E-03
777   2.441406E-03
778   2.441406E-03
779   1.831055E-03
780   1.831055E-03
781   1.220703E-03
782   1.220703E-03
783   6.103516E-04
784   1.220703E-03
785   1.220703E-03
786   1.220703E-03
787   1.831055E-03
788   1.831055E-03
789   2.441406E-03
790   2.441406E-03
791   3.051758E-03
792   2.441406E-03
793   2.441406E-03
794   2.441406E-03
795   1.831055E-03
796   1.831055E-03
797   1.220703E-03
798   1.220703E-03
799   1.220703E-03
800   1.220703E-03
801   1.220703E-03
802   1.220703E-03
803   1.220703E-03
804   1.831055E-03
805   2.441406E-03
806   2.441406E-03
807   2.441406E-03
808   3.051758E-03
809   2.441406E-03
810   2.441406E-03
811   2.441406E-03
812   1.831055E-03
813   1.831055E-03
814   1.220703E-03
815   1.220703E-03
816   1.220703E-03
817   6.103516E-04
818   1.220703E-03
819   1.220703E-03
820   1.831055E-03
821   1.831055E-03
822   2.441406E-03
823   2.441406E-03
824   2.441406E-03
825   3.051758E-03
826   2.441406E-03
827   2.441406E-03
828   1.831055E-03
829   1.831055E-03
830   1.831055E-03
831   1.220703E-03
832   1.220703E-03
833   1.220703E-03
834   1.220703E-03
835   1.220703E-03
836   1.220703E-03
837   1.831055E-03
838   2.441406E-03
839   2.441406E-03
840   2.441406E-03
841   2.441406E-03
842   2.441406E-03
843   3.051758E-03
844   2.441406E-03
845   2.441406E-03
846   1.831055E-03
847   1.220703E-03
848   1.220703E-03
849   6.103516E-04
850   1.220703E-03
851   6.103516E-04
852   1.220703E-03
853   1.831055E-03
854   1.831055E-03
855   1.831055E-03
856   2.441406E-03
857   2.441406E-03
858   3.051758E-03
859   1.831055E-03
860   2.441406E-03
861   2.441406E-03
862   1.831055E-03
863   1.831055E-03
864   1.220703E-03
865   1.220703E-03
866   1.220703E-03
867   1.220703E-03
868   1.220703E-03
869   1.220703E-03
870   1.831055E-03
871   1.831055E-03
872   2.441406E-03
873   2.441406E-03
874   2.441406E-03
875   2.441406E-03
876   3.051758E-03
877   2.441406E-03
878   1.831055E-03
879   1.831055E-03
880   1.831055E-03
881   1.220703E-03
882   1.220703E-03
883   1.220703E-03
884   1.220703E-03
885   1.220703E-03
886   1.220703E-03
887   1.831055E-03
888   1.831055E-03
889   2.441406E-03
890   2.441406E-03
891   2.441406E-03
892   2.441406E-03
893   2.441406E-03
894   2.441406E-03
895   1.831055E-03
896   1.220703E-03
897   1.831055E-03
898   1.220703E-03
899   1.220703E-03
900   1.220703E-03
901   1.220703E-03
902   1.220703E-03
903   1.831055E-03
904   1.831055E-03
905   1.831055E-03
906   1.831055E-03
907   3.051758E-03
908   2.441406E-03
909   2.441406E-03
910   2.441406E-03
911   2.441406E-03
912   1.831055E-03
913   1.220703E-03
914   1.831055E-03
915   6.103516E-04
916   1.220703E-03
917   1.220703E-03
918   1.220703E-03
919   1.220703E-03
920   1.831055E-03
921   1.220703E-03
922   2.441406E-03
923   2.441406E-03
924   2.441406E-03
925   2.441406E-03
926   2.441406E-03
927   2.441406E-03
928   2.441406E-03
929   1.831055E-03
930   1.220703E-03
931   1.220703E-03
932   1.220703E-03
933   1.220703E-03
934   6.103516E-04
935   1.220703E-03
936   6.103516E-04
937   1.831055E-03
938   1.831055E-03
939   2.441406E-03
940   2.441406E-03
941   2.441406E-03
942   2.441406E-03
943   3.051758E-03
944   1.831055E-03
945   1.831055E-03
946   1.220703E-03
947   1.220703E-03
948   1.220703E-03
949   1.220703E-03
950   1.220703E-03
951   1.220703E-03
952   1.220703E-03
953   1.220703E-03
954   1.831055E-03
955   1.831055E-03
956   1.831055E-03
957   2.441406E-03
958   2.441406E-03
959   2.441406E-03
960   2.441406E-03
961   1.831055E-03
962   1.831055E-03
963   1.220703E-03
964   1.220703E-03
965   1.220703E-03
966   1.220703E-03
967   1.220703E-03
968   1.220703E-03
969   6.103516E-04
970   1.831055E-03
971   1.831055E-03
972   1.831055E-03
973   2.441406E-03
974   2.441406E-03
975   2.441406E-03
976   2.441406E-03
977   2.441406E-03
978   1.831055E-03
979   1.831055E-03
980   1.220703E-03
981   1.220703E-03
982   1.220703E-03
983   1.220703E-03
984   1.220703E-03
985   1.220703E-03
986   1.220703E-03
987   1.220703E-03
988   1.831055E-03
989   1.831055E-03
990   2.441406E-03
991   2.441406E-03
992   2.441406E-03
993   2.441406E-03
994   2.441406E-03
995   1.831055E-03
996   1.831055E-03
997   1.220703E-03
998   1.220703E-03
999   1.220703E-03
1000   0
1001   1.220703E-03
1002   6.103516E-04
1003   1.831055E-03
1004   1.220703E-03
1005   2.441406E-03
1006   1.831055E-03
1007   2.441406E-03
1008   2.441406E-03
1009   2.441406E-03
1010   2.441406E-03
1011   2.441406E-03
1012   1.831055E-03
1013   1.831055E-03
1014   1.220703E-03
1015   1.220703E-03
1016   1.220703E-03
1017   1.220703E-03
1018   1.220703E-03
1019   1.220703E-03
1020   1.220703E-03
1021   1.831055E-03
1022   2.441406E-03
1023   2.441406E-03
1024   2.441406E-03
1025   2.441406E-03
1026   2.441406E-03
1027   2.441406E-03
1028   1.831055E-03
1029   1.220703E-03
1030   1.831055E-03
1031   1.220703E-03
1032   1.220703E-03
1033   1.220703E-03
1034   6.103516E-04
1035   1.220703E-03
1036   1.220703E-03
1037   1.831055E-03
1038   1.831055E-03
1039   2.441406E-03
1040   2.441406E-03
1041   2.441406E-03
1042   2.441406E-03
1043   2.441406E-03
1044   2.441406E-03
1045   1.831055E-03
1046   1.220703E-03
1047   1.831055E-03
1048   1.220703E-03
1049   6.103516E-04
1050   6.103516E-04
1051   1.220703E-03
1052   1.220703E-03
1053   1.220703E-03
1054   1.831055E-03
1055   1.831055E-03
1056   2.441406E-03
1057   2.441406E-03
1058   2.441406E-03
1059   2.441406E-03
1060   2.441406E-03
1061   1.831055E-03
1062   1.220703E-03
1063   1.831055E-03
1064   1.220703E-03
1065   1.831055E-03
1066   1.220703E-03
1067   1.220703E-03
1068   1.220703E-03
1069   1.220703E-03
1070   1.220703E-03
1071   1.831055E-03
1072   2.441406E-03
1073   2.441406E-03
1074   2.441406E-03
1075   2.441406E-03
1076   2.441406E-03
1077   2.441406E-03
1078   1.831055E-03
1079   1.831055E-03
1080   1.220703E-03
1081   1.220703E-03
1082   1.220703E-03
1083   1.220703E-03
1084   1.220703E-03
1085   6.103516E-04
1086   1.220703E-03
1087   1.831055E-03
1088   1.831055E-03
1089   2.441406E-03
1090   2.441406E-03
1091   2.441406E-03
1092   2.441406E-03
1093   2.441406E-03
1094   2.441406E-03
1095   1.220703E-03
1096   1.831055E-03
1097   1.220703E-03
1098   1.220703E-03
1099   1.220703E-03
1100   1.220703E-03
1101   6.103516E-04
1102   1.220703E-03
1103   1.831055E-03
1104   1.831055E-03
1105   1.831055E-03
1106   2.441406E-03
1107   2.441406E-03
1108   2.441406E-03
1109   2.441406E-03
1110   2.441406E-03
1111   2.441406E-03
1112   1.220703E-03
1113   1.220703E-03
1114   1.220703E-03
1115   1.220703E-03
1116   6.103516E-04
1117   1.220703E-03
1118   1.220703E-03
1119   1.220703E-03
1120   1.831055E-03
1121   1.831055E-03
1122   2.441406E-03
1123   2.441406E-03
1124   2.441406E-03
1125   2.441406E-03
1126   2.441406E-03
1127   2.441406E-03
1128   1.831055E-03
1129   1.220703E-03
1130   1.220703E-03
1131   1.220703E-03
1132   1.220703E-03
1133   1.220703E-03
1134   6.103516E-04
1135   1.220703E-03
1136   1.220703E-03
1137   1.831055E-03
1138   1.831055E-03
1139   2.441406E-03
1140   2.441406E-03
1141   2.441406E-03
1142   2.441406E-03
1143   2.441406E-03
1144   1.831055E-03
1145   1.831055E-03
1146   1.831055E-03
1147   1.220703E-03
1148   1.220703E-03
1149   1.220703E-03
1150   6.103516E-04
1151   1.220703E-03
1152   1.220703E-03
1153   1.220703E-03
1154   1.831055E-03
1155   1.831055E-03
1156   1.831055E-03
1157   2.441406E-03
1158   1.831055E-03
1159   2.441406E-03
1160   1.831055E-03
1161   1.831055E-03
1162   1.220703E-03
1163   1.831055E-03
1164   1.220703E-03
1165   1.220703E-03
1166   1.220703E-03
1167   1.220703E-03
1168   1.220703E-03
1169   1.220703E-03
1170   1.831055E-03
1171   1.831055E-03
1172   2.441406E-03
1173   2.441406E-03
1174   2.441406E-03
1175   2.441406E-03
1176   2.441406E-03
1177   1.831055E-03
1178   1.831055E-03
1179   1.831055E-03
1180   1.220703E-03
1181   1.220703E-03
1182   1.220703E-03
1183   6.103516E-04
1184   1.220703E-03
1185   1.220703E-03
1186   1.220703E-03
1187   1.831055E-03
1188   1.831055E-03
1189   2.441406E-03
1190   2.441406E-03
1191   2.441406E-03
1192   2.441406E-03
1193   2.441406E-03
1194   2.441406E-03
1195   1.831055E-03
1196   1.831055E-03
1197   1.220703E-03
1198   1.220703E-03
1199   6.103516E-04
1200   1.220703E-03
1201   6.103516E-04
1202   1.220703E-03
1203   1.831055E-03
1204   1.831055E-03
1205   1.831055E-03
1206   1.831055E-03
1207   2.441406E-03
1208   2.441406E-03
1209   2.441406E-03
1210   1.831055E-03
1211   2.441406E-03
1212   1.831055E-03
1213   1.220703E-03
1214   1.220703E-03
1215   1.220703E-03
1216   1.220703E-03
1217   1.220703E-03
1218   1.220703E-03
1219   1.220703E-03
1220   1.220703E-03
1221   1.831055E-03
1222   2.441406E-03
1223   2.441406E-03
1224   2.441406E-03
1225   2.441406E-03
1226   2.441406E-03
1227   2.441406E-03
1228   1.831055E-03
1229   1.831055E-03
1230   1.220703E-03
1231   1.220703E-03
1232   1.220703E-03
1233   6.103516E-04
1234   6.103516E-04
1235   1.220703E-03
1236   1.220703E-03
1237   1.831055E-03
1238   1.831055E-03
1239   1.831055E-03
1240   2.441406E-03
1241   2.441406E-03
1242   2.441406E-03
1243   2.441406E-03
1244   1.831055E-03
1245   1.831055E-03
1246   1.831055E-03
1247   1.220703E-03
1248   1.220703E-03
1249   1.220703E-03
1250   6.103516E-04
1251   1.220703E-03
1252   1.220703E-03
1253   1.220703E-03
1254   1.831055E-03
1255   1.831055E-03
1256   1.831055E-03
1257   2.441406E-03
1258   2.441406E-03
1259   2.441406E-03
1260   2.441406E-03
1261   2.441406E-03
1262   1.831055E-03
1263   1.220703E-03
1264   1.220703E-03
1265   6.103516E-04
1266   1.220703E-03
1267   1.220703E-03
1268   6.103516E-04
1269   1.220703E-03
1270   1.831055E-03
1271   1.831055E-03
1272   2.441406E-03
1273   2.441406E-03
1274   2.441406E-03
1275   2.441406E-03
1276   2.441406E-03
1277   2.441406E-03
1278   1.831055E-03
1279   1.831055E-03
1280   1.220703E-03
1281   1.220703E-03
1282   1.220703E-03
1283   6.103516E-04
1284   1.220703E-03
1285   1.220703E-03
1286   1.831055E-03
1287   1.831055E-03
1288   2.441406E-03
1289   2.441406E-03
1290   2.441406E-03
1291   2.441406E-03
1292   2.441406E-03
1293   2.441406E-03
1294   2.441406E-03
1295   1.831055E-03
1296   1.220703E-03
1297   1.220703E-03
1298   1.220703E-03
1299   1.220703E-03
1300   6.103516E-04
1301   1.220703E-03
1302   1.220703E-03
1303   1.220703E-03
1304   1.831055E-03
1305   2.441406E-03
1306   2.441406E-03
1307   2.441406E-03
1308   2.441406E-03
1309   2.441406E-03
1310   2.441406E-03
1311   1.831055E-03
1312   1.220703E-03
1313   1.831055E-03
1314   1.220703E-03
1315   6.103516E-04
1316   1.220703E-03
1317   1.220703E-03
1318   6.103516E-04
1319   1.220703E-03
1320   1.831055E-03
1321   1.831055E-03
1322   2.441406E-03
1323   2.441406E-03
1324   2.441406E-03
1325   2.441406E-03
1326   2.441406E-03
1327   2.441406E-03
1328   1.831055E-03
1329   1.220703E-03
1330   1.220703E-03
1331   1.220703E-03
1332   6.103516E-04
1333   1.220703E-03
1334   6.103516E-04
1335   1.220703E-03
1336   1.831055E-03
1337   1.831055E-03
1338   1.831055E-03
1339   2.441406E-03
1340   2.441406E-03
1341   2.441406E-03
1342   2.441406E-03
1343   2.441406E-03
1344   1.831055E-03
1345   1.831055E-03
1346   1.220703E-03
1347   1.220703E-03
1348   1.220703E-03
1349   1.220703E-03
1350   6.103516E-04
1351   1.220703E-03
1352   1.220703E-03
1353   1.220703E-03
1354   1.831055E-03
1355   2.441406E-03
1356   2.441406E-03
1357   2.441406E-03
1358   2.441406E-03
1359   2.441406E-03
1360   2.441406E-03
1361   1.831055E-03
1362   1.831055E-03
1363   1.220703E-03
1364   1.220703E-03
1365   6.103516E-04
1366   6.103516E-04
1367   6.103516E-04
1368   6.103516E-04
1369   1.220703E-03
1370   1.831055E-03
1371   1.831055E-03
1372   1.831055E-03
1373   2.441406E-03
1374   2.441406E-03
1375   1.831055E-03
1376   2.441406E-03
1377   2.441406E-03
1378   1.220703E-03
1379   1.831055E-03
1380   1.220703E-03
1381   1.220703E-03
1382   6.103516E-04
1383   1.220703E-03
1384   1.220703E-03
1385   1.220703E-03
1386   1.220703E-03
1387   2.441406E-03
1388   1.831055E-03
1389   1.831055E-03
1390   2.441406E-03
1391   1.831055E-03
1392   2.441406E-03
1393   2.441406E-03
1394   1.831055E-03
1395   1.831055E-03
1396   1.831055E-03
1397   1.220703E-03
1398   6.103516E-04
1399   1.220703E-03
1400   1.220703E-03
1401   1.220703E-03
1402   1.220703E-03
1403   1.831055E-03
1404   1.831055E-03
1405   1.831055E-03
1406   1.831055E-03
1407   1.831055E-03
1408   2.441406E-03
1409   2.441406E-03
1410   2.441406E-03
1411   1.831055E-03
1412   1.220703E-03
1413   1.220703E-03
1414   6.103516E-04
1415   1.220703E-03
1416   1.220703E-03
1417   6.103516E-04
1418   1.220703E-03
1419   1.220703E-03
1420   1.831055E-03
1421   1.831055E-03
1422   2.441406E-03
1423   1.831055E-03
1424   2.441406E-03
1425   2.441406E-03
1426   2.441406E-03
1427   2.441406E-03
1428   1.220703E-03
1429   1.220703E-03
1430   1.220703E-03
1431   6.103516E-04
1432   1.220703E-03
1433   1.220703E-03
1434   6.103516E-04
1435   6.103516E-04
1436   1.831055E-03
1437   1.831055E-03
1438   1.831055E-03
1439   2.441406E-03
1440   2.441406E-03
1441   2.441406E-03
1442   2.441406E-03
1443   2.441406E-03
1444   1.831055E-03
1445   1.220703E-03
1446   1.831055E-03
1447   1.220703E-03
1448   6.103516E-04
1449   1.220703E-03
1450   6.103516E-04
1451   1.220703E-03
1452   1.220703E-03
1453   1.831055E-03
1454   1.831055E-03
1455   2.441406E-03
1456   2.441406E-03
1457   2.441406E-03
1458   2.441406E-03
1459   2.441406E-03
1460   2.441406E-03
1461   1.831055E-03
1462   1.220703E-03
1463   1.220703E-03
1464   1.220703E-03
1465   6.103516E-04
1466   1.220703E-03
1467   6.103516E-04
1468   1.220703E-03
1469   1.220703E-03
1470   1.831055E-03
1471   1.831055E-03
1472   1.831055E-03
1473   2.441406E-03
1474   2.441406E-03
1475   1.831055E-03
1476   2.441406E-03
1477   2.441406E-03
1478   1.220703E-03
1479   1.831055E-03
1480   1.220703E-03
1481   1.220703E-03
1482   1.220703E-03
1483   6.103516E-04
1484   1.220703E-03
1485   6.103516E-04
1486   1.220703E-03
1487   1.831055E-03
1488   1.831055E-03
1489   1.831055E-03
1490   2.441406E-03
1491   2.441406E-03
1492   1.831055E-03
1493   2.441406E-03
1494   1.831055E-03
1495   1.831055E-03
1496   1.220703E-03
1497   1.220703E-03
1498   1.220703E-03
1499   6.103516E-04
1500   6.103516E-04
1501   6.103516E-04
1502   1.220703E-03
1503   1.220703E-03
1504   1.831055E-03
1505   1.831055E-03
1506   1.831055E-03
1507   2.441406E-03
1508   2.441406E-03
1509   3.051758E-03
1510   2.441406E-03
1511   1.220703E-03
1512   1.831055E-03
1513   1.220703E-03
1514   1.220703E-03
1515   1.220703E-03
1516   1.220703E-03
1517   0
1518   1.220703E-03
1519   1.220703E-03
1520   1.831055E-03
1521   1.831055E-03
1522   1.831055E-03
1523   2.441406E-03
1524   2.441406E-03
1525   3.051758E-03
1526   2.441406E-03
1527   1.831055E-03
1528   1.220703E-03
1529   1.831055E-03
1530   1.220703E-03
1531   1.220703E-03
1532   1.220703E-03
1533   6.103516E-04
1534   1.220703E-03
1535   1.220703E-03
1536   1.220703E-03
1537   1.831055E-03
1538   1.831055E-03
1539   1.831055E-03
1540   2.441406E-03
1541   2.441406E-03
1542   2.441406E-03
1543   1.831055E-03
1544   2.441406E-03
1545   1.831055E-03
1546   1.220703E-03
1547   1.220703E-03
1548   1.220703E-03
1549   1.220703E-03
1550   6.103516E-04
1551   1.220703E-03
1552   1.220703E-03
1553   1.220703E-03
1554   1.831055E-03
1555   1.831055E-03
1556   2.441406E-03
1557   2.441406E-03
1558   1.831055E-03
1559   2.441406E-03
1560   2.441406E-03
1561   1.831055E-03
1562   1.831055E-03
1563   6.103516E-04
1564   1.220703E-03
1565   6.103516E-04
1566   6.103516E-04
1567   1.220703E-03
1568   1.220703E-03
1569   1.220703E-03
1570   1.831055E-03
1571   2.441406E-03
1572   1.831055E-03
1573   2.441406E-03
1574   1.831055E-03
1575   2.441406E-03
1576   2.441406E-03
1577   1.831055E-03
1578   1.831055E-03
1579   1.220703E-03
1580   1.220703E-03
1581   6.103516E-04
1582   6.103516E-04
1583   1.220703E-03
1584   1.220703E-03
1585   1.220703E-03
1586   1.831055E-03
1587   1.831055E-03
1588   1.831055E-03
1589   2.441406E-03
1590   2.441406E-03
1591   2.441406E-03
1592   2.441406E-03
1593   2.441406E-03
1594   1.831055E-03
1595   1.220703E-03
1596   1.220703E-03
1597   1.220703E-03
1598   1.220703E-03
1599   1.220703E-03
1600   6.103516E-04
1601   1.220703E-03
1602   1.220703E-03
1603   1.220703E-03
1604   1.831055E-03
1605   1.831055E-03
1606   1.831055E-03
1607   2.441406E-03
1608   2.441406E-03
1609   2.441406E-03
1610   1.831055E-03
1611   1.220703E-03
1612   1.220703E-03
1613   1.220703E-03
1614   1.220703E-03
1615   1.220703E-03
1616   1.220703E-03
1617   6.103516E-04
1618   1.220703E-03
1619   1.831055E-03
1620   1.831055E-03
1621   1.831055E-03
1622   2.441406E-03
1623   2.441406E-03
1624   1.831055E-03
1625   2.441406E-03
1626   2.441406E-03
1627   1.831055E-03
1628   1.220703E-03
1629   1.220703E-03
1630   1.220703E-03
1631   1.220703E-03
1632   6.103516E-04
1633   1.220703E-03
1634   1.220703E-03
1635   1.220703E-03
1636   1.831055E-03
1637   1.831055E-03
1638   1.831055E-03
1639   2.441406E-03
1640   2.441406E-03
1641   1.831055E-03
1642   2.441406E-03
1643   1.831055E-03
1644   1.831055E-03
1645   1.831055E-03
1646   1.220703E-03
1647   1.220703E-03
1648   1.220703E-03
1649   6.103516E-04
1650   1.220703E-03
1651   6.103516E-04
1652   1.220703E-03
1653   1.831055E-03
1654   1.831055E-03
1655   2.441406E-03
1656   1.831055E-03
1657   2.441406E-03
1658   2.441406E-03
1659   2.441406E-03
1660   1.831055E-03
1661   1.831055E-03
1662   1.831055E-03
1663   1.220703E-03
1664   1.220703E-03
1665   6.103516E-04
1666   6.103516E-04
1667   6.103516E-04
1668   1.220703E-03
1669   1.831055E-03
1670   1.831055E-03
1671   1.831055E-03
1672   2.441406E-03
1673   2.441406E-03
1674   2.441406E-03
1675   2.441406E-03
1676   2.441406E-03
1677   2.441406E-03
1678   1.220703E-03
1679   1.831055E-03
1680   1.220703E-03
1681   6.103516E-04
1682   1.220703E-03
1683   6.103516E-04
1684   1.220703E-03
1685   1.220703E-03
1686   1.220703E-03
1687   1.831055E-03
1688   2.441406E-03
1689   2.441406E-03
1690   2.441406E-03
1691   2.441406E-03
1692   2.441406E-03
1693   2.441406E-03
1694   1.831055E-03
1695   1.831055E-03
1696   1.220703E-03
1697   1.220703E-03
1698   1.220703E-03
1699   1.220703E-03
1700   6.103516E-04
1701   6.103516E-04
1702   1.220703E-03
1703   1.831055E-03
1704   1.831055E-03
1705   1.831055E-03
1706   1.831055E-03
1707   2.441406E-03
1708   2.441406E-03
1709   2.441406E-03
1710   1.831055E-03
1711   1.220703E-03
1712   1.220703E-03
1713   1.220703E-03
1714   1.220703E-03
1715   1.220703E-03
1716   1.220703E-03
1717   6.103516E-04
1718   1.220703E-03
1719   1.220703E-03
1720   1.831055E-03
1721   2.441406E-03
1722   2.441406E-03
1723   1.831055E-03
1724   2.441406E-03
1725   2.441406E-03
1726   1.831055E-03
1727   2.441406E-03
1728   1.831055E-03
1729   1.220703E-03
1730   1.220703E-03
1731   1.220703E-03
1732   6.103516E-04
1733   6.103516E-04
1734   1.220703E-03
1735   1.220703E-03
1736   1.831055E-03
1737   1.831055E-03
1738   2.441406E-03
1739   1.831055E-03
1740   2.441406E-03
1741   2.441406E-03
1742   2.441406E-03
1743   2.441406E-03
1744   1.831055E-03
1745   1.220703E-03
1746   1.220703E-03
1747   1.220703E-03
1748   6.103516E-04
1749   1.220703E-03
1750   6.103516E-04
1751   1.220703E-03
1752   1.220703E-03
1753   1.220703E-03
1754   1.831055E-03
1755   2.441406E-03
1756   1.831055E-03
1757   1.831055E-03
1758   2.441406E-03
1759   2.441406E-03
1760   2.441406E-03
1761   1.831055E-03
1762   1.220703E-03
1763   1.220703E-03
1764   1.220703E-03
1765   6.103516E-04
1766   1.220703E-03
1767   6.103516E-04
1768   6.103516E-04
1769   1.831055E-03
1770   1.831055E-03
1771   1.831055E-03
1772   2.441406E-03
1773   2.441406E-03
1774   3.051758E-03
1775   2.441406E-03
1776   2.441406E-03
1777   2.441406E-03
1778   1.220703E-03
1779   1.220703E-03
1780   1.220703E-03
1781   1.220703E-03
1782   6.103516E-04
1783   1.220703E-03
1784   1.220703E-03
1785   1.220703E-03
1786   1.831055E-03
1787   1.831055E-03
1788   2.441406E-03
1789   2.441406E-03
1790   2.441406E-03
1791   2.441406E-03
1792   2.441406E-03
1793   2.441406E-03
1794   1.831055E-03
1795   1.831055E-03
1796   1.220703E-03
1797   1.220703E-03
1798   0
1799   1.220703E-03
1800   6.103516E-04
1801   1.220703E-03
1802   1.220703E-03
1803   1.220703E-03
1804   1.831055E-03
1805   2.441406E-03
1806   2.441406E-03
1807   2.441406E-03
1808   2.441406E-03
1809   2.441406E-03
1810   2.441406E-03
1811   1.220703E-03
1812   1.220703E-03
1813   1.220703E-03
1814   0
1815   1.220703E-03
1816   6.103516E-04
1817   1.220703E-03
1818   1.220703E-03
1819   1.220703E-03
1820   1.831055E-03
1821   1.831055E-03
1822   2.441406E-03
1823   2.441406E-03
1824   2.441406E-03
1825   2.441406E-03
1826   2.441406E-03
1827   1.831055E-03
1828   1.831055E-03
1829   1.831055E-03
1830   1.220703E-03
1831   1.220703E-03
1832   6.103516E-04
1833   1.220703E-03
1834   1.220703E-03
1835   1.220703E-03
1836   1.831055E-03
1837   1.220703E-03
1838   2.441406E-03
1839   2.441406E-03
1840   2.441406E-03
1841   2.441406E-03
1842   2.441406E-03
1843   2.441406E-03
1844   1.831055E-03
1845   1.831055E-03
1846   1.220703E-03
1847   6.103516E-04
1848   1.220703E-03
1849   1.220703E-03
1850   6.103516E-04
1851   1.220703E-03
1852   1.220703E-03
1853   1.831055E-03
1854   1.831055E-03
1855   1.831055E-03
1856   2.441406E-03
1857   2.441406E-03
1858   2.441406E-03
1859   2.441406E-03
1860   1.831055E-03
1861   1.831055E-03
1862   1.220703E-03
1863   1.220703E-03
1864   6.103516E-04
1865   6.103516E-04
1866   1.220703E-03
1867   6.103516E-04
1868   1.220703E-03
1869   1.220703E-03
1870   1.831055E-03
1871   1.831055E-03
1872   1.831055E-03
1873   2.441406E-03
1874   2.441406E-03
1875   2.441406E-03
1876   2.441406E-03
1877   1.831055E-03
1878   1.220703E-03
1879   1.831055E-03
1880   1.220703E-03
1881   1.220703E-03
1882   1.220703E-03
1883   6.103516E-04
1884   1.220703E-03
1885   1.220703E-03
1886   1.831055E-03
1887   1.831055E-03
1888   2.441406E-03
1889   1.831055E-03
1890   2.441406E-03
1891   2.441406E-03
1892   2.441406E-03
1893   2.441406E-03
1894   1.220703E-03
1895   1.831055E-03
1896   1.220703E-03
1897   1.220703E-03
1898   6.103516E-04
1899   6.103516E-04
1900   1.220703E-03
1901   1.220703E-03
1902   1.220703E-03
1903   1.831055E-03
1904   1.831055E-03
1905   2.441406E-03
1906   2.441406E-03
1907   2.441406E-03
1908   2.441406E-03
1909   2.441406E-03
1910   1.831055E-03
1911   1.220703E-03
1912   1.831055E-03
1913   1.220703E-03
1914   6.103516E-04
1915   1.220703E-03
1916   6.103516E-04
1917   1.220703E-03
1918   1.220703E-03
1919   1.831055E-03
1920   1.831055E-03
1921   1.831055E-03
1922   2.441406E-03
1923   1.831055E-03
1924   2.441406E-03
1925   2.441406E-03
1926   2.441406E-03
1927   1.831055E-03
1928   1.220703E-03
1929   1.220703E-03
1930   6.103516E-04
1931   1.220703E-03
1932   1.220703E-03
1933   6.103516E-04
1934   1.220703E-03
1935   1.220703E-03
1936   1.831055E-03
1937   1.831055E-03
1938   1.831055E-03
1939   2.441406E-03
1940   1.831055E-03
1941   2.441406E-03
1942   2.441406E-03
1943   1.831055E-03
1944   1.831055E-03
1945   1.220703E-03
1946   1.220703E-03
1947   1.220703E-03
1948   1.220703E-03
1949   1.220703E-03
1950   6.103516E-04
1951   1.220703E-03
1952   1.220703E-03
1953   1.831055E-03
1954   1.831055E-03
1955   1.831055E-03
1956   2.441406E-03
1957   1.831055E-03
1958   2.441406E-03
1959   1.831055E-03
1960   2.441406E-03
1961   1.220703E-03
1962   1.220703E-03
1963   1.220703E-03
1964   1.220703E-03
1965   1.220703E-03
1966   6.103516E-04
1967   6.103516E-04
1968   1.220703E-03
1969   1.220703E-03
1970   1.831055E-03
1971   2.441406E-03
1972   2.441406E-03
1973   2.441406E-03
1974   1.831055E-03
1975   2.441406E-03
1976   2.441406E-03
1977   1.220703E-03
1978   2.441406E-03
1979   1.220703E-03
1980   1.220703E-03
1981   1.220703E-03
1982   6.103516E-04
1983   6.103516E-04
1984   1.220703E-03
1985   1.220703E-03
1986   1.831055E-03
1987   1.831055E-03
1988   1.831055E-03
1989   2.441406E-03
1990   1.831055E-03
1991   2.441406E-03
1992   1.831055E-03
1993   1.831055E-03
1994   1.831055E-03
1995   1.831055E-03
1996   1.220703E-03
1997   1.220703E-03
1998   1.220703E-03
1999   1.220703E-03
2000   1.220703E-03
2001   1.220703E-03
2002   1.831055E-03
2003   1.831055E-03
2004   1.831055E-03
2005   2.441406E-03
2006   2.441406E-03
2007   2.441406E-03
2008   2.441406E-03
2009   2.441406E-03
2010   1.831055E-03
2011   1.831055E-03
2012   1.220703E-03
2013   1.220703E-03
2014   1.220703E-03
2015   0
2016   6.103516E-04
2017   6.103516E-04
2018   1.220703E-03
2019   1.831055E-03
2020   1.831055E-03
2021   2.441406E-03
2022   2.441406E-03
2023   2.441406E-03
2024   1.831055E-03
2025   2.441406E-03
2026   2.441406E-03
2027   1.220703E-03
2028   1.831055E-03
2029   1.220703E-03
2030   1.220703E-03
2031   6.103516E-04
2032   6.103516E-04
2033   6.103516E-04
2034   1.220703E-03
2035   1.220703E-03
2036   1.831055E-03
2037   2.441406E-03
2038   1.831055E-03
2039   1.831055E-03
2040   2.441406E-03
2041   2.441406E-03
2042   2.441406E-03
2043   1.831055E-03
2044   1.220703E-03
2045   1.831055E-03
2046   1.220703E-03
2047   6.103516E-04
2048   1.220703E-03
2049   6.103516E-04
2050   1.220703E-03
2051   1.220703E-03
2052   1.220703E-03
2053   1.831055E-03
2054   1.831055E-03
2055   2.441406E-03
2056   2.441406E-03
2057   2.441406E-03
2058   2.441406E-03
2059   2.441406E-03
2060   1.831055E-03
2061   1.831055E-03
2062   1.220703E-03
2063   6.103516E-04
2064   1.220703E-03
2065   6.103516E-04
2066   6.103516E-04
2067   6.103516E-04
2068   1.220703E-03
2069   1.831055E-03
2070   1.831055E-03
2071   2.441406E-03
2072   1.831055E-03
2073   2.441406E-03
2074   2.441406E-03
2075   1.831055E-03
2076   2.441406E-03
2077   1.831055E-03
2078   1.220703E-03
2079   6.103516E-04
2080   6.103516E-04
2081   1.220703E-03
2082   6.103516E-04
2083   6.103516E-04
2084   1.220703E-03
2085   1.220703E-03
2086   1.831055E-03
2087   1.831055E-03
2088   2.441406E-03
2089   2.441406E-03
2090   2.441406E-03
2091   2.441406E-03
2092   2.441406E-03
2093   2.441406E-03
2094   1.831055E-03
2095   6.103516E-04
2096   1.220703E-03
2097   1.220703E-03
2098   1.220703E-03
2099   6.103516E-04
2100   6.103516E-04
2101   1.220703E-03
2102   1.220703E-03
2103   1.831055E-03
2104   2.441406E-03
2105   2.441406E-03
2106   2.441406E-03
2107   2.441406E-03
2108   2.441406E-03
2109   2.441406E-03
2110   1.831055E-03
2111   1.831055E-03
2112   1.220703E-03
2113   1.220703E-03
2114   1.220703E-03
2115   6.103516E-04
2116   6.103516E-04
2117   1.220703E-03
2118   1.220703E-03
2119   2.441406E-03
2120   1.220703E-03
2121   2.441406E-03
2122   2.441406E-03
2123   2.441406E-03
2124   2.441406E-03
2125   2.441406E-03
2126   2.441406E-03
2127   1.831055E-03
2128   1.220703E-03
2129   1.220703E-03
2130   1.220703E-03
2131   6.103516E-04
2132   1.220703E-03
2133   6.103516E-04
2134   6.103516E-04
2135   1.220703E-03
2136   1.220703E-03
2137   2.441406E-03
2138   2.441406E-03
2139   1.831055E-03
2140   2.441406E-03
2141   2.441406E-03
2142   2.441406E-03
2143   2.441406E-03
2144   1.220703E-03
2145   1.220703E-03
2146   1.220703E-03
2147   6.103516E-04
2148   1.220703E-03
2149   6.103516E-04
2150   6.103516E-04
2151   1.220703E-03
2152   1.831055E-03
2153   1.831055E-03
2154   1.831055E-03
2155   1.831055E-03
2156   2.441406E-03
2157   2.441406E-03
2158   2.441406E-03
2159   2.441406E-03
2160   1.831055E-03
2161   1.831055E-03
2162   1.220703E-03
2163   1.220703E-03
2164   1.220703E-03
2165   6.103516E-04
2166   1.220703E-03
2167   1.220703E-03
2168   1.220703E-03
2169   1.831055E-03
2170   1.831055E-03
2171   1.831055E-03
2172   2.441406E-03
2173   2.441406E-03
2174   2.441406E-03
2175   2.441406E-03
2176   1.831055E-03
2177   1.831055E-03
2178   1.220703E-03
2179   6.103516E-04
2180   1.220703E-03
2181   1.220703E-03
2182   1.220703E-03
2183   6.103516E-04
2184   1.220703E-03
2185   1.220703E-03
2186   1.831055E-03
2187   1.831055E-03
2188   2.441406E-03
2189   2.441406E-03
2190   2.441406E-03
2191   2.441406E-03
2192   2.441406E-03
2193   1.831055E-03
2194   1.220703E-03
2195   1.220703E-03
2196   1.220703E-03
2197   1.220703E-03
2198   1.220703E-03
2199   6.103516E-04
2200   1.220703E-03
2201   1.220703E-03
2202   1.220703E-03
2203   1.831055E-03
2204   1.220703E-03
2205   2.441406E-03
2206   2.441406E-03
2207   1.831055E-03
2208   2.441406E-03
2209   2.441406E-03
2210   1.831055E-03
2211   1.831055E-03
2212   1.220703E-03
2213   1.220703E-03
2214   1.220703E-03
2215   6.103516E-04
2216   1.220703E-03
2217   1.220703E-03
2218   1.220703E-03
2219   1.831055E-03
2220   1.220703E-03
2221   1.831055E-03
2222   2.441406E-03
2223   2.441406E-03
2224   2.441406E-03
2225   2.441406E-03
2226   1.831055E-03
2227   1.220703E-03
2228   1.831055E-03
2229   1.220703E-03
2230   1.220703E-03
2231   1.220703E-03
2232   6.103516E-04
2233   6.103516E-04
2234   1.220703E-03
2235   1.831055E-03
2236   1.831055E-03
2237   2.441406E-03
2238   1.831055E-03
2239   2.441406E-03
2240   2.441406E-03
2241   2.441406E-03
2242   2.441406E-03
2243   1.831055E-03
2244   1.831055E-03
2245   1.220703E-03
2246   1.220703E-03
2247   1.220703E-03
2248   1.220703E-03
2249   6.103516E-04
2250   1.220703E-03
2251   1.220703E-03
2252   1.220703E-03
2253   1.831055E-03
2254   2.441406E-03
2255   1.831055E-03
2256   2.441406E-03
2257   2.441406E-03
2258   1.831055E-03
2259   2.441406E-03
2260   2.441406E-03
2261   1.220703E-03
2262   1.220703E-03
2263   1.220703E-03
2264   1.220703E-03
2265   6.103516E-04
2266   6.103516E-04
2267   1.220703E-03
2268   1.220703E-03
2269   1.831055E-03
2270   1.831055E-03
2271   2.441406E-03
2272   2.441406E-03
2273   1.831055E-03
2274   2.441406E-03
2275   2.441406E-03
2276   1.831055E-03
2277   1.831055E-03
2278   1.220703E-03
2279   1.220703E-03
2280   1.220703E-03
2281   6.103516E-04
2282   1.220703E-03
2283   6.103516E-04
2284   1.220703E-03
2285   1.831055E-03
2286   1.831055E-03
2287   1.831055E-03
2288   2.441406E-03
2289   1.831055E-03
2290   2.441406E-03
2291   2.441406E-03
2292   1.831055E-03
2293   1.831055E-03
2294   1.220703E-03
2295   1.220703E-03
2296   1.220703E-03
2297   1.220703E-03
2298   1.220703E-03
2299   1.220703E-03
2300   1.220703E-03
2301   1.220703E-03
2302   1.831055E-03
2303   1.831055E-03
2304   2.441406E-03
2305   1.831055E-03
2306   2.441406E-03
2307   2.441406E-03
2308   2.441406E-03
2309   2.441406E-03
2310   1.831055E-03
2311   1.831055E-03
2312   1.831055E-03
2313   6.103516E-04
2314   6.103516E-04
2315   6.103516E-04
2316   6.103516E-04
2317   1.220703E-03
2318   1.220703E-03
2319   1.831055E-03
2320   1.831055E-03
2321   1.831055E-03
2322   2.441406E-03
2323   1.831055E-03
2324   2.441406E-03
2325   2.441406E-03
2326   1.831055E-03
2327   1.831055E-03
2328   1.220703E-03
2329   1.220703E-03
2330   6.103516E-04
2331   1.220703E-03
2332   1.220703E-03
2333   1.220703E-03
2334   1.220703E-03
2335   1.220703E-03
2336   1.831055E-03
2337   1.831055E-03
2338   2.441406E-03
2339   2.441406E-03
2340   2.441406E-03
2341   2.441406E-03
2342   1.831055E-03
2343   1.831055E-03
2344   1.831055E-03
2345   1.220703E-03
2346   1.220703E-03
2347   1.220703E-03
2348   6.103516E-04
2349   1.220703E-03
2350   6.103516E-04
2351   1.220703E-03
2352   1.831055E-03
2353   1.831055E-03
2354   2.441406E-03
2355   2.441406E-03
2356   2.441406E-03
2357   2.441406E-03
2358   1.831055E-03
2359   2.441406E-03
2360   1.831055E-03
2361   1.831055E-03
2362   1.220703E-03
2363   1.220703E-03
2364   1.220703E-03
2365   6.103516E-04
2366   1.220703E-03
2367   6.103516E-04
2368   1.220703E-03
2369   2.441406E-03
2370   1.831055E-03
2371   1.831055E-03
2372   2.441406E-03
2373   1.831055E-03
2374   2.441406E-03
2375   2.441406E-03
2376   1.831055E-03
2377   1.220703E-03
2378   1.831055E-03
2379   1.220703E-03
2380   1.220703E-03
2381   1.220703E-03
2382   6.103516E-04
2383   1.220703E-03
2384   1.220703E-03
2385   1.831055E-03
2386   1.831055E-03
2387   1.831055E-03
2388   1.831055E-03
2389   2.441406E-03
2390   2.441406E-03
2391   2.441406E-03
2392   2.441406E-03
2393   1.831055E-03
2394   1.220703E-03
2395   1.831055E-03
2396   1.220703E-03
2397   1.220703E-03
2398   1.220703E-03
2399   6.103516E-04
2400   1.220703E-03
2401   1.220703E-03
2402   1.831055E-03
2403   1.831055E-03
2404   1.831055E-03
2405   2.441406E-03
2406   1.831055E-03
2407   2.441406E-03
2408   2.441406E-03
2409   1.831055E-03
2410   1.831055E-03
2411   1.220703E-03
2412   1.220703E-03
2413   1.220703E-03
2414   6.103516E-04
2415   1.220703E-03
2416   6.103516E-04
2417   1.220703E-03
2418   1.220703E-03
2419   1.831055E-03
2420   1.831055E-03
2421   2.441406E-03
2422   1.831055E-03
2423   2.441406E-03
2424   2.441406E-03
2425   2.441406E-03
2426   1.831055E-03
2427   1.220703E-03
2428   1.831055E-03
2429   1.220703E-03
2430   1.220703E-03
2431   1.220703E-03
2432   6.103516E-04
2433   1.220703E-03
2434   1.220703E-03
2435   1.220703E-03
2436   1.831055E-03
2437   2.441406E-03
2438   1.831055E-03
2439   2.441406E-03
2440   2.441406E-03
2441   2.441406E-03
2442   2.441406E-03
2443   1.831055E-03
2444   1.831055E-03
2445   1.220703E-03
2446   1.220703E-03
2447   1.220703E-03
2448   6.103516E-04
2449   1.220703E-03
2450   1.220703E-03
2451   1.220703E-03
2452   1.831055E-03
2453   1.831055E-03
2454   1.831055E-03
2455   2.441406E-03
2456   2.441406E-03
2457   2.441406E-03
2458   2.441406E-03
2459   2.441406E-03
2460   1.831055E-03
2461   1.220703E-03
2462   1.220703E-03
2463   1.220703E-03
2464   6.103516E-04
2465   1.220703E-03
2466   1.220703E-03
2467   1.220703E-03
2468   1.220703E-03
2469   1.831055E-03
2470   1.831055E-03
2471   1.831055E-03
2472   2.441406E-03
2473   2.441406E-03
2474   2.441406E-03
2475   1.831055E-03
2476   1.831055E-03
2477   1.831055E-03
2478   1.220703E-03
2479   1.220703E-03
2480   1.220703E-03
2481   6.103516E-04
2482   1.220703E-03
2483   6.103516E-04
2484   1.220703E-03
2485   1.831055E-03
2486   1.831055E-03
2487   2.441406E-03
2488   1.831055E-03
2489   1.831055E-03
2490   2.441406E-03
2491   2.441406E-03
2492   2.441406E-03
2493   1.831055E-03
2494   1.831055E-03
2495   1.831055E-03
2496   6.103516E-04
2497   1.220703E-03
2498   1.220703E-03
2499   6.103516E-04
2500   1.220703E-03
2501   1.220703E-03
2502   1.831055E-03
2503   1.831055E-03
2504   1.831055E-03
2505   2.441406E-03
2506   1.831055E-03
2507   2.441406E-03
2508   2.441406E-03
2509   2.441406E-03
2510   1.831055E-03
2511   1.220703E-03
2512   1.831055E-03
2513   1.220703E-03
2514   1.220703E-03
2515   1.220703E-03
2516   6.103516E-04
2517   1.220703E-03
2518   1.220703E-03
2519   1.831055E-03
2520   1.831055E-03
2521   1.831055E-03
2522   3.051758E-03
2523   2.441406E-03
2524   2.441406E-03
2525   2.441406E-03
2526   1.831055E-03
2527   1.831055E-03
2528   1.220703E-03
2529   1.220703E-03
2530   1.220703E-03
2531   6.103516E-04
2532   1.220703E-03
2533   1.220703E-03
2534   1.220703E-03
2535   1.831055E-03
2536   1.831055E-03
2537   1.831055E-03
2538   2.441406E-03
2539   1.831055E-03
2540   2.441406E-03
2541   2.441406E-03
2542   1.831055E-03
2543   1.831055E-03
2544   1.220703E-03
2545   1.220703E-03
2546   1.220703E-03
2547   6.103516E-04
2548   1.220703E-03
2549   1.220703E-03
2550   1.220703E-03
2551   1.220703E-03
2552   1.831055E-03
2553   1.831055E-03
2554   1.831055E-03
2555   2.441406E-03
2556   1.831055E-03
2557   2.441406E-03
2558   2.441406E-03
2559   1.831055E-03
2560   1.831055E-03
2561   1.220703E-03
2562   1.220703E-03
2563   6.103516E-04
2564   6.103516E-04
2565   6.103516E-04
2566   1.220703E-03
2567   6.103516E-04
2568   1.220703E-03
2569   1.831055E-03
2570   1.831055E-03
2571   1.831055E-03
2572   2.441406E-03
2573   2.441406E-03
2574   2.441406E-03
2575   1.831055E-03
2576   1.831055E-03
2577   1.831055E-03
2578   1.220703E-03
2579   1.220703E-03
2580   6.103516E-04
2581   1.220703E-03
2582   6.103516E-04
2583   1.220703E-03
2584   1.220703E-03
2585   1.220703E-03
2586   1.831055E-03
2587   2.441406E-03
2588   1.831055E-03
2589   2.441406E-03
2590   2.441406E-03
2591   1.831055E-03
2592   2.441406E-03
2593   1.831055E-03
2594   1.220703E-03
2595   1.220703E-03
2596   1.220703E-03
2597   1.220703E-03
2598   1.220703E-03
2599   6.103516E-04
2600   1.220703E-03
2601   1.220703E-03
2602   1.831055E-03
2603   1.831055E-03
2604   1.831055E-03
2605   2.441406E-03
2606   2.441406E-03
2607   2.441406E-03
2608   2.441406E-03
2609   1.831055E-03
2610   1.220703E-03
2611   1.831055E-03
2612   1.220703E-03
2613   1.220703E-03
2614   1.220703E-03
2615   6.103516E-04
2616   1.220703E-03
2617   1.220703E-03
2618   1.220703E-03
2619   1.831055E-03
2620   1.831055E-03
2621   1.831055E-03
2622   1.831055E-03
2623   2.441406E-03
2624   2.441406E-03
2625   2.441406E-03
2626   1.831055E-03
2627   1.220703E-03
2628   1.220703E-03
2629   1.220703E-03
2630   1.220703E-03
2631   1.220703E-03
2632   6.103516E-04
2633   1.220703E-03
2634   1.220703E-03
2635   1.831055E-03
2636   1.831055E-03
2637   2.441406E-03
2638   1.831055E-03
2639   1.831055E-03
2640   2.441406E-03
2641   2.441406E-03
2642   2.441406E-03
2643   1.831055E-03
2644   1.220703E-03
2645   1.220703E-03
2646   1.220703E-03
2647   1.220703E-03
2648   6.103516E-04
2649   1.220703E-03
2650   6.103516E-04
2651   1.831055E-03
2652   1.831055E-03
2653   1.831055E-03
2654   2.441406E-03
2655   1.831055E-03
2656   2.441406E-03
2657   2.441406E-03
2658   1.831055E-03
2659   2.441406E-03
2660   2.441406E-03
2661   1.220703E-03
2662   1.220703E-03
2663   1.220703E-03
2664   6.103516E-04
2665   1.220703E-03
2666   1.220703E-03
2667   1.220703E-03
2668   1.831055E-03
2669   1.831055E-03
2670   1.831055E-03
2671   1.831055E-03
2672   1.831055E-03
2673   2.441406E-03
2674   2.441406E-03
2675   2.441406E-03
2676   1.831055E-03
2677   1.220703E-03
2678   1.831055E-03
2679   1.220703E-03
2680   1.220703E-03
2681   6.103516E-04
2682   6.103516E-04
2683   1.220703E-03
2684   1.220703E-03
2685   1.220703E-03
2686   1.831055E-03
2687   2.441406E-03
2688   1.831055E-03
2689   2.441406E-03
2690   2.441406E-03
2691   2.441406E-03
2692   2.441406E-03
2693   1.831055E-03
2694   1.220703E-03
2695   1.220703E-03
2696   1.220703E-03
2697   6.103516E-04
2698   1.220703E-03
2699   1.220703E-03
2700   6.103516E-04
2701   1.831055E-03
2702   1.831055E-03
2703   1.831055E-03
2704   2.441406E-03
2705   2.441406E-03
2706   2.441406E-03
2707   2.441406E-03
2708   2.441406E-03
2709   1.831055E-03
2710   1.831055E-03
2711   1.831055E-03
2712   1.220703E-03
2713   1.220703E-03
2714   1.220703E-03
2715   1.220703E-03
2716   1.220703E-03
2717   1.220703E-03
2718   1.831055E-03
2719   1.831055E-03
2720   1.831055E-03
2721   2.441406E-03
2722   2.441406E-03
2723   2.441406E-03
2724   2.441406E-03
2725   1.831055E-03
2726   1.831055E-03
2727   1.831055E-03
2728   1.220703E-03
2729   1.220703E-03
2730   1.220703E-03
2731   1.220703E-03
2732   6.103516E-04
2733   6.103516E-04
2734   1.220703E-03
2735   1.831055E-03
2736   1.831055E-03
2737   1.831055E-03
2738   1.831055E-03
2739   2.441406E-03
2740   2.441406E-03
2741   2.441406E-03
2742   2.441406E-03
2743   1.220703E-03
2744   1.831055E-03
2745   1.220703E-03
2746   1.220703E-03
2747   6.103516E-04
2748   1.220703E-03
2749   1.220703E-03
2750   1.220703E-03
2751   1.831055E-03
2752   1.831055E-03
2753   1.831055E-03
2754   1.831055E-03
2755   2.441406E-03
2756   2.441406E-03
2757   2.441406E-03
2758   1.831055E-03
2759   2.441406E-03
2760   1.831055E-03
2761   1.220703E-03
2762   1.220703E-03
2763   6.103516E-04
2764   1.220703E-03
2765   6.103516E-04
2766   1.220703E-03
2767   1.220703E-03
2768   1.831055E-03
2769   1.831055E-03
2770   1.831055E-03
2771   2.441406E-03
2772   2.441406E-03
2773   2.441406E-03
2774   2.441406E-03
2775   2.441406E-03
2776   1.831055E-03
2777   1.220703E-03
2778   1.220703E-03
2779   1.220703E-03
2780   1.220703E-03
2781   6.103516E-04
2782   6.103516E-04
2783   1.220703E-03
2784   1.220703E-03
2785   1.831055E-03
2786   1.831055E-03
2787   1.831055E-03
2788   2.441406E-03
2789   2.441406E-03
2790   2.441406E-03
2791   2.441406E-03
2792   2.441406E-03
2793   1.831055E-03
2794   1.220703E-03
2795   1.220703E-03
2796   1.220703E-03
2797   1.220703E-03
2798   1.220703E-03
2799   1.220703E-03
2800   1.220703E-03
2801   1.220703E-03
2802   1.831055E-03
2803   1.831055E-03
2804   1.831055E-03
2805   1.831055E-03
2806   2.441406E-03
2807   2.441406E-03
2808   2.441406E-03
2809   1.831055E-03
2810   1.220703E-03
2811   1.220703E-03
2812   1.220703E-03
2813   1.220703E-03
2814   1.220703E-03
2815   6.103516E-04
0   0
