-256   8.544922E-03
-255   8.544922E-03
-254   8.544922E-03
-253   8.544922E-03
-252   9.155273E-03
-251   9.155273E-03
-250   9.765625E-03
-249   1.037598E-02
-248   1.037598E-02
-247   9.765625E-03
-246   9.765625E-03
-245   1.037598E-02
-244   9.765625E-03
-243   8.544922E-03
-242   8.544922E-03
-241   8.544922E-03
-240   8.544922E-03
-239   8.544922E-03
-238   8.544922E-03
-237   8.544922E-03
-236   9.155273E-03
-235   9.155273E-03
-234   9.155273E-03
-233   9.765625E-03
-232   9.765625E-03
-231   9.765625E-03
-230   1.037598E-02
-229   9.765625E-03
-228   9.765625E-03
-227   9.155273E-03
-226   9.155273E-03
-225   8.544922E-03
-224   8.544922E-03
-223   7.93457E-03
-222   7.93457E-03
-221   8.544922E-03
-220   8.544922E-03
-219   8.544922E-03
-218   9.155273E-03
-217   9.155273E-03
-216   9.765625E-03
-215   1.037598E-02
-214   9.765625E-03
-213   9.765625E-03
-212   9.765625E-03
-211   9.765625E-03
-210   9.765625E-03
-209   9.155273E-03
-208   8.544922E-03
-207   8.544922E-03
-206   8.544922E-03
-205   8.544922E-03
-204   7.93457E-03
-203   8.544922E-03
-202   9.155273E-03
-201   9.155273E-03
-200   9.155273E-03
-199   9.765625E-03
-198   9.765625E-03
-197   9.765625E-03
-196   9.155273E-03
-195   9.155273E-03
-194   9.155273E-03
-193   8.544922E-03
-192   9.155273E-03
-191   8.544922E-03
-190   8.544922E-03
-189   8.544922E-03
-188   8.544922E-03
-187   8.544922E-03
-186   8.544922E-03
-185   9.155273E-03
-184   9.765625E-03
-183   9.765625E-03
-182   9.765625E-03
-181   9.765625E-03
-180   9.765625E-03
-179   9.765625E-03
-178   9.765625E-03
-177   9.155273E-03
-176   8.544922E-03
-175   9.155273E-03
-174   8.544922E-03
-173   8.544922E-03
-172   8.544922E-03
-171   8.544922E-03
-170   8.544922E-03
-169   9.155273E-03
-168   9.155273E-03
-167   9.155273E-03
-166   9.765625E-03
-165   1.037598E-02
-164   1.037598E-02
-163   1.037598E-02
-162   9.765625E-03
-161   9.765625E-03
-160   9.155273E-03
-159   9.155273E-03
-158   8.544922E-03
-157   8.544922E-03
-156   8.544922E-03
-155   8.544922E-03
-154   8.544922E-03
-153   8.544922E-03
-152   9.155273E-03
-151   9.155273E-03
-150   9.155273E-03
-149   9.155273E-03
-148   9.765625E-03
-147   9.765625E-03
-146   9.765625E-03
-145   9.765625E-03
-144   9.155273E-03
-143   8.544922E-03
-142   9.155273E-03
-141   9.155273E-03
-140   8.544922E-03
-139   8.544922E-03
-138   8.544922E-03
-137   7.93457E-03
-136   8.544922E-03
-135   9.155273E-03
-134   8.544922E-03
-133   9.155273E-03
-132   9.765625E-03
-131   9.765625E-03
-130   9.765625E-03
-129   9.765625E-03
-128   9.765625E-03
-127   9.155273E-03
-126   9.155273E-03
-125   9.155273E-03
-124   8.544922E-03
-123   8.544922E-03
-122   7.93457E-03
-121   8.544922E-03
-120   8.544922E-03
-119   8.544922E-03
-118   9.155273E-03
-117   9.155273E-03
-116   1.037598E-02
-115   9.765625E-03
-114   9.765625E-03
-113   9.765625E-03
-112   1.037598E-02
-111   9.765625E-03
-110   9.155273E-03
-109   9.155273E-03
-108   8.544922E-03
-107   8.544922E-03
-106   8.544922E-03
-105   8.544922E-03
-104   8.544922E-03
-103   9.155273E-03
-102   9.155273E-03
-101   9.155273E-03
-100   9.155273E-03
-99   9.765625E-03
-98   9.765625E-03
-97   1.037598E-02
-96   9.765625E-03
-95   9.765625E-03
-94   9.765625E-03
-93   9.155273E-03
-92   9.155273E-03
-91   8.544922E-03
-90   8.544922E-03
-89   8.544922E-03
-88   9.155273E-03
-87   8.544922E-03
-86   8.544922E-03
-85   9.155273E-03
-84   9.765625E-03
-83   9.765625E-03
-82   1.037598E-02
-81   1.037598E-02
-80   9.155273E-03
-79   9.155273E-03
-78   9.155273E-03
-77   9.155273E-03
-76   9.155273E-03
-75   9.765625E-03
-74   8.544922E-03
-73   9.155273E-03
-72   8.544922E-03
-71   8.544922E-03
-70   8.544922E-03
-69   9.155273E-03
-68   9.765625E-03
-67   9.155273E-03
-66   9.765625E-03
-65   1.037598E-02
-64   1.037598E-02
-63   9.765625E-03
-62   1.037598E-02
-61   1.037598E-02
-60   9.765625E-03
-59   9.765625E-03
-58   9.155273E-03
-57   9.155273E-03
-56   9.155273E-03
-55   8.544922E-03
-54   9.155273E-03
-53   9.155273E-03
-52   9.155273E-03
-51   9.155273E-03
-50   1.037598E-02
-49   1.037598E-02
-48   1.037598E-02
-47   1.037598E-02
-46   1.037598E-02
-45   1.037598E-02
-44   9.765625E-03
-43   9.765625E-03
-42   9.765625E-03
-41   9.155273E-03
-40   9.155273E-03
-39   8.544922E-03
-38   9.155273E-03
-37   9.155273E-03
-36   9.155273E-03
-35   1.037598E-02
-34   9.765625E-03
-33   9.765625E-03
-32   1.037598E-02
-31   1.098633E-02
-30   1.037598E-02
-29   1.037598E-02
-28   1.037598E-02
-27   9.765625E-03
-26   9.765625E-03
-25   9.765625E-03
-24   9.155273E-03
-23   8.544922E-03
-22   9.155273E-03
-21   9.155273E-03
-20   9.155273E-03
-19   9.155273E-03
-18   9.765625E-03
-17   9.765625E-03
-16   1.037598E-02
-15   1.037598E-02
-14   1.037598E-02
-13   9.765625E-03
-12   1.037598E-02
-11   9.765625E-03
-10   9.765625E-03
-9   9.765625E-03
-8   9.155273E-03
-7   9.155273E-03
-6   9.155273E-03
-5   8.544922E-03
-4   8.544922E-03
-3   9.155273E-03
-2   9.765625E-03
-1   0.0201416
0   4.272461E-03
1   9.765625E-03
2   1.037598E-02
3   1.037598E-02
4   1.037598E-02
5   1.037598E-02
6   1.037598E-02
7   9.765625E-03
8   9.765625E-03
9   9.155273E-03
10   8.544922E-03
11   9.155273E-03
12   8.544922E-03
13   8.544922E-03
14   8.544922E-03
15   9.155273E-03
16   9.155273E-03
17   9.155273E-03
18   9.155273E-03
19   9.765625E-03
20   9.765625E-03
21   9.155273E-03
22   9.155273E-03
23   8.544922E-03
24   7.93457E-03
25   7.93457E-03
26   7.324219E-03
27   7.324219E-03
28   7.324219E-03
29   6.713867E-03
30   6.713867E-03
31   7.324219E-03
32   7.324219E-03
33   7.93457E-03
34   7.324219E-03
35   7.93457E-03
36   8.544922E-03
37   7.93457E-03
38   7.324219E-03
39   7.93457E-03
40   7.324219E-03
41   6.103516E-03
42   6.103516E-03
43   6.103516E-03
44   6.103516E-03
45   6.103516E-03
46   5.493164E-03
47   5.493164E-03
48   6.103516E-03
49   6.713867E-03
50   6.713867E-03
51   6.713867E-03
52   6.713867E-03
53   6.713867E-03
54   6.713867E-03
55   6.713867E-03
56   6.103516E-03
57   5.493164E-03
58   5.493164E-03
59   5.493164E-03
60   4.882813E-03
61   4.882813E-03
62   4.882813E-03
63   4.272461E-03
64   4.882813E-03
65   5.493164E-03
66   5.493164E-03
67   5.493164E-03
68   6.103516E-03
69   6.103516E-03
70   6.103516E-03
71   5.493164E-03
72   5.493164E-03
73   5.493164E-03
74   4.882813E-03
75   4.272461E-03
76   4.272461E-03
77   4.272461E-03
78   3.662109E-03
79   3.662109E-03
80   4.272461E-03
81   4.272461E-03
82   4.272461E-03
83   4.272461E-03
84   4.882813E-03
85   5.493164E-03
86   5.493164E-03
87   4.882813E-03
88   4.882813E-03
89   4.882813E-03
90   4.272461E-03
91   4.272461E-03
92   3.662109E-03
93   3.662109E-03
94   3.662109E-03
95   3.051758E-03
96   3.662109E-03
97   3.051758E-03
98   3.662109E-03
99   4.272461E-03
100   4.272461E-03
101   4.272461E-03
102   4.882813E-03
103   4.272461E-03
104   4.272461E-03
105   4.272461E-03
106   4.272461E-03
107   4.272461E-03
108   3.051758E-03
109   2.441406E-03
110   3.051758E-03
111   3.051758E-03
112   2.441406E-03
113   3.051758E-03
114   3.051758E-03
115   3.662109E-03
116   3.662109E-03
117   3.662109E-03
118   3.662109E-03
119   4.272461E-03
120   4.272461E-03
121   3.662109E-03
122   3.662109E-03
123   3.662109E-03
124   3.051758E-03
125   3.051758E-03
126   2.441406E-03
127   2.441406E-03
128   1.831055E-03
129   2.441406E-03
130   2.441406E-03
131   3.051758E-03
132   3.051758E-03
133   3.051758E-03
134   3.662109E-03
135   3.662109E-03
136   3.662109E-03
137   3.662109E-03
138   3.662109E-03
139   3.662109E-03
140   3.051758E-03
141   2.441406E-03
142   2.441406E-03
143   1.831055E-03
144   1.831055E-03
145   2.441406E-03
146   1.831055E-03
147   1.831055E-03
148   3.051758E-03
149   3.051758E-03
150   3.051758E-03
151   3.051758E-03
152   3.662109E-03
153   3.662109E-03
154   3.051758E-03
155   3.051758E-03
156   3.051758E-03
157   3.051758E-03
158   2.441406E-03
159   1.831055E-03
160   1.831055E-03
161   1.831055E-03
162   1.831055E-03
163   1.831055E-03
164   1.831055E-03
165   3.051758E-03
166   2.441406E-03
167   3.051758E-03
168   3.051758E-03
169   3.662109E-03
170   3.662109E-03
171   3.051758E-03
172   3.051758E-03
173   2.441406E-03
174   2.441406E-03
175   1.831055E-03
176   1.831055E-03
177   1.831055E-03
178   1.831055E-03
179   1.831055E-03
180   1.220703E-03
181   1.831055E-03
182   2.441406E-03
183   2.441406E-03
184   3.051758E-03
185   3.051758E-03
186   3.051758E-03
187   3.051758E-03
188   3.051758E-03
189   2.441406E-03
190   1.831055E-03
191   1.831055E-03
192   1.831055E-03
193   1.220703E-03
194   1.220703E-03
195   1.220703E-03
196   1.220703E-03
197   1.220703E-03
198   1.831055E-03
199   1.831055E-03
200   2.441406E-03
201   3.051758E-03
202   2.441406E-03
203   2.441406E-03
204   3.051758E-03
205   2.441406E-03
206   2.441406E-03
207   1.831055E-03
208   1.831055E-03
209   1.220703E-03
210   1.220703E-03
211   1.220703E-03
212   6.103516E-04
213   1.220703E-03
214   1.220703E-03
215   1.831055E-03
216   1.831055E-03
217   2.441406E-03
218   2.441406E-03
219   2.441406E-03
220   2.441406E-03
221   2.441406E-03
222   2.441406E-03
223   1.831055E-03
224   1.831055E-03
225   1.220703E-03
226   1.220703E-03
227   6.103516E-04
228   6.103516E-04
229   1.220703E-03
230   1.220703E-03
231   1.831055E-03
232   2.441406E-03
233   1.831055E-03
234   1.831055E-03
235   2.441406E-03
236   2.441406E-03
237   2.441406E-03
238   2.441406E-03
239   1.831055E-03
240   1.831055E-03
241   1.831055E-03
242   1.220703E-03
243   6.103516E-04
244   1.220703E-03
245   6.103516E-04
246   6.103516E-04
247   1.220703E-03
248   1.220703E-03
249   1.831055E-03
250   1.831055E-03
251   1.831055E-03
252   2.441406E-03
253   2.441406E-03
254   2.441406E-03
255   2.441406E-03
256   1.831055E-03
257   1.831055E-03
258   1.220703E-03
259   6.103516E-04
260   6.103516E-04
261   6.103516E-04
262   6.103516E-04
263   6.103516E-04
264   1.220703E-03
265   1.831055E-03
266   1.220703E-03
267   1.831055E-03
268   2.441406E-03
269   2.441406E-03
270   1.831055E-03
271   1.831055E-03
272   2.441406E-03
273   1.831055E-03
274   1.220703E-03
275   6.103516E-04
276   1.220703E-03
277   6.103516E-04
278   6.103516E-04
279   6.103516E-04
280   1.220703E-03
281   1.220703E-03
282   1.220703E-03
283   1.831055E-03
284   1.831055E-03
285   1.831055E-03
286   1.831055E-03
287   1.831055E-03
288   2.441406E-03
289   1.831055E-03
290   1.220703E-03
291   1.220703E-03
292   1.220703E-03
293   6.103516E-04
294   6.103516E-04
295   6.103516E-04
296   1.220703E-03
297   1.220703E-03
298   6.103516E-04
299   1.220703E-03
300   1.831055E-03
301   1.831055E-03
302   2.441406E-03
303   2.441406E-03
304   1.831055E-03
305   1.831055E-03
306   1.831055E-03
307   1.220703E-03
308   6.103516E-04
309   1.220703E-03
310   6.103516E-04
311   0
312   6.103516E-04
313   6.103516E-04
314   1.220703E-03
315   1.220703E-03
316   1.831055E-03
317   1.831055E-03
318   1.831055E-03
319   1.831055E-03
320   1.831055E-03
321   1.831055E-03
322   1.831055E-03
323   1.220703E-03
324   1.220703E-03
325   6.103516E-04
326   6.103516E-04
327   6.103516E-04
328   6.103516E-04
329   6.103516E-04
330   1.220703E-03
331   1.220703E-03
332   1.220703E-03
333   1.220703E-03
334   1.831055E-03
335   1.831055E-03
336   1.831055E-03
337   1.831055E-03
338   1.831055E-03
339   1.831055E-03
340   1.220703E-03
341   1.220703E-03
342   6.103516E-04
343   0
344   0
345   6.103516E-04
346   6.103516E-04
347   6.103516E-04
348   1.220703E-03
349   1.831055E-03
350   1.220703E-03
351   1.220703E-03
352   1.831055E-03
353   1.831055E-03
354   2.441406E-03
355   1.220703E-03
356   1.220703E-03
357   6.103516E-04
358   6.103516E-04
359   6.103516E-04
360   0
361   0
362   0
363   6.103516E-04
364   6.103516E-04
365   1.220703E-03
366   1.220703E-03
367   1.831055E-03
368   1.831055E-03
369   1.831055E-03
370   1.831055E-03
371   1.831055E-03
372   1.831055E-03
373   1.220703E-03
374   6.103516E-04
375   6.103516E-04
376   6.103516E-04
377   6.103516E-04
378   0
379   0
380   6.103516E-04
381   1.220703E-03
382   1.220703E-03
383   1.220703E-03
384   1.220703E-03
385   1.831055E-03
386   1.831055E-03
387   1.831055E-03
388   1.831055E-03
389   1.831055E-03
390   6.103516E-04
391   1.220703E-03
392   6.103516E-04
393   6.103516E-04
394   0
395   0
396   6.103516E-04
397   1.220703E-03
398   1.220703E-03
399   6.103516E-04
400   1.220703E-03
401   1.831055E-03
402   1.831055E-03
403   1.831055E-03
404   1.831055E-03
405   1.831055E-03
406   1.220703E-03
407   6.103516E-04
408   6.103516E-04
409   6.103516E-04
410   0
411   0
412   0
413   6.103516E-04
414   6.103516E-04
415   6.103516E-04
416   6.103516E-04
417   1.831055E-03
418   1.831055E-03
419   1.220703E-03
420   1.220703E-03
421   1.831055E-03
422   1.220703E-03
423   6.103516E-04
424   6.103516E-04
425   0
426   6.103516E-04
427   6.103516E-04
428   0
429   0
430   6.103516E-04
431   6.103516E-04
432   1.220703E-03
433   1.220703E-03
434   1.831055E-03
435   1.831055E-03
436   1.831055E-03
437   1.831055E-03
438   1.831055E-03
439   1.831055E-03
440   1.220703E-03
441   6.103516E-04
442   6.103516E-04
443   6.103516E-04
444   6.103516E-04
445   0
446   0
447   6.103516E-04
448   6.103516E-04
449   1.220703E-03
450   1.220703E-03
451   1.220703E-03
452   1.831055E-03
453   1.831055E-03
454   1.831055E-03
455   1.831055E-03
456   1.220703E-03
457   1.220703E-03
458   6.103516E-04
459   6.103516E-04
460   6.103516E-04
461   0
462   6.103516E-04
463   0
464   6.103516E-04
465   1.220703E-03
466   1.220703E-03
467   1.220703E-03
468   1.831055E-03
469   1.831055E-03
470   1.831055E-03
471   1.831055E-03
472   1.831055E-03
473   1.220703E-03
474   6.103516E-04
475   0
476   6.103516E-04
477   0
478   0
479   0
480   6.103516E-04
481   6.103516E-04
482   1.220703E-03
483   1.220703E-03
484   1.220703E-03
485   1.831055E-03
486   1.831055E-03
487   1.831055E-03
488   1.831055E-03
489   1.220703E-03
490   6.103516E-04
491   6.103516E-04
492   6.103516E-04
493   6.103516E-04
494   0
495   0
496   0
497   6.103516E-04
498   6.103516E-04
499   1.220703E-03
500   1.220703E-03
501   1.220703E-03
502   1.831055E-03
503   1.831055E-03
504   2.441406E-03
505   1.220703E-03
506   1.220703E-03
507   6.103516E-04
508   6.103516E-04
509   0
510   0
511   0
512   6.103516E-04
513   6.103516E-04
514   6.103516E-04
515   6.103516E-04
516   6.103516E-04
517   1.220703E-03
518   1.831055E-03
519   1.831055E-03
520   1.831055E-03
521   1.220703E-03
522   1.220703E-03
523   1.220703E-03
524   1.220703E-03
525   6.103516E-04
526   0
527   0
528   0
529   6.103516E-04
530   0
531   6.103516E-04
532   1.220703E-03
533   1.220703E-03
534   1.220703E-03
535   1.220703E-03
536   1.831055E-03
537   1.831055E-03
538   1.220703E-03
539   1.220703E-03
540   6.103516E-04
541   1.220703E-03
542   0
543   0
544   0
545   0
546   0
547   0
548   6.103516E-04
549   1.220703E-03
550   1.220703E-03
551   1.220703E-03
552   1.220703E-03
553   1.831055E-03
554   1.831055E-03
555   1.220703E-03
556   1.220703E-03
557   6.103516E-04
558   6.103516E-04
559   6.103516E-04
560   0
561   0
562   0
563   6.103516E-04
564   6.103516E-04
565   6.103516E-04
566   6.103516E-04
567   1.220703E-03
568   1.220703E-03
569   1.831055E-03
570   1.220703E-03
571   1.220703E-03
572   1.220703E-03
573   6.103516E-04
574   6.103516E-04
575   0
576   6.103516E-04
577   0
578   0
579   0
580   6.103516E-04
581   6.103516E-04
582   1.220703E-03
583   1.220703E-03
584   1.220703E-03
585   1.831055E-03
586   1.831055E-03
587   1.220703E-03
588   1.220703E-03
589   1.220703E-03
590   0
591   6.103516E-04
592   6.103516E-04
593   0
594   0
595   0
596   6.103516E-04
597   6.103516E-04
598   6.103516E-04
599   1.220703E-03
600   1.220703E-03
601   1.220703E-03
602   1.831055E-03
603   1.831055E-03
604   1.831055E-03
605   1.220703E-03
606   1.220703E-03
607   6.103516E-04
608   6.103516E-04
609   0
610   0
611   6.103516E-04
612   0
613   0
614   6.103516E-04
615   1.220703E-03
616   6.103516E-04
617   1.831055E-03
618   1.831055E-03
619   1.831055E-03
620   1.220703E-03
621   1.220703E-03
622   1.220703E-03
623   6.103516E-04
624   6.103516E-04
625   6.103516E-04
626   0
627   0
628   0
629   0
630   0
631   6.103516E-04
632   6.103516E-04
633   6.103516E-04
634   1.220703E-03
635   1.831055E-03
636   1.220703E-03
637   1.831055E-03
638   1.220703E-03
639   1.220703E-03
640   6.103516E-04
641   6.103516E-04
642   0
643   0
644   0
645   0
646   0
647   6.103516E-04
648   6.103516E-04
649   6.103516E-04
650   1.220703E-03
651   1.831055E-03
652   1.220703E-03
653   1.831055E-03
654   1.831055E-03
655   1.831055E-03
656   6.103516E-04
657   6.103516E-04
658   6.103516E-04
659   0
660   0
661   0
662   0
663   0
664   6.103516E-04
665   1.220703E-03
666   6.103516E-04
667   1.220703E-03
668   1.831055E-03
669   1.220703E-03
670   1.220703E-03
671   1.220703E-03
672   1.220703E-03
673   6.103516E-04
674   6.103516E-04
675   0
676   0
677   0
678   0
679   0
680   0
681   6.103516E-04
682   1.220703E-03
683   6.103516E-04
684   1.220703E-03
685   1.220703E-03
686   1.220703E-03
687   1.831055E-03
688   1.220703E-03
689   6.103516E-04
690   6.103516E-04
691   6.103516E-04
692   0
693   0
694   0
695   0
696   0
697   6.103516E-04
698   1.220703E-03
699   6.103516E-04
700   1.220703E-03
701   1.831055E-03
702   1.831055E-03
703   1.220703E-03
704   1.220703E-03
705   1.831055E-03
706   1.220703E-03
707   0
708   6.103516E-04
709   0
710   0
711   0
712   0
713   0
714   0
715   6.103516E-04
716   1.220703E-03
717   1.220703E-03
718   1.220703E-03
719   1.831055E-03
720   1.220703E-03
721   1.220703E-03
722   1.220703E-03
723   1.220703E-03
724   6.103516E-04
725   0
726   0
727   0
728   0
729   0
730   0
731   6.103516E-04
732   6.103516E-04
733   1.220703E-03
734   1.220703E-03
735   1.220703E-03
736   1.220703E-03
737   1.831055E-03
738   1.220703E-03
739   1.220703E-03
740   6.103516E-04
741   6.103516E-04
742   0
743   0
744   0
745   -6.103516E-04
746   0
747   0
748   1.220703E-03
749   6.103516E-04
750   1.220703E-03
751   1.220703E-03
752   1.831055E-03
753   1.220703E-03
754   1.220703E-03
755   1.220703E-03
756   6.103516E-04
757   6.103516E-04
758   0
759   0
760   0
761   0
762   0
763   6.103516E-04
764   0
765   6.103516E-04
766   6.103516E-04
767   1.220703E-03
768   1.831055E-03
769   1.831055E-03
770   1.831055E-03
771   1.220703E-03
772   1.220703E-03
773   6.103516E-04
774   6.103516E-04
775   0
776   6.103516E-04
777   0
778   0
779   0
780   0
781   6.103516E-04
782   1.220703E-03
783   6.103516E-04
784   1.220703E-03
785   1.220703E-03
786   1.831055E-03
787   1.220703E-03
788   1.220703E-03
789   1.220703E-03
790   6.103516E-04
791   6.103516E-04
792   0
793   6.103516E-04
794   0
795   0
796   0
797   0
798   1.220703E-03
799   6.103516E-04
800   1.831055E-03
801   1.220703E-03
802   1.831055E-03
803   1.220703E-03
804   1.220703E-03
805   1.220703E-03
806   1.220703E-03
807   6.103516E-04
808   0
809   0
810   0
811   0
812   0
813   6.103516E-04
814   6.103516E-04
815   1.220703E-03
816   6.103516E-04
817   1.220703E-03
818   1.220703E-03
819   1.220703E-03
820   1.220703E-03
821   1.220703E-03
822   1.220703E-03
823   6.103516E-04
824   6.103516E-04
825   0
826   0
827   -6.103516E-04
828   0
829   0
830   0
831   0
832   1.220703E-03
833   6.103516E-04
834   1.220703E-03
835   1.831055E-03
836   1.220703E-03
837   1.831055E-03
838   1.220703E-03
839   1.220703E-03
840   6.103516E-04
841   6.103516E-04
842   0
843   0
844   0
845   -6.103516E-04
846   0
847   0
848   6.103516E-04
849   6.103516E-04
850   1.220703E-03
851   1.220703E-03
852   1.220703E-03
853   1.220703E-03
854   1.220703E-03
855   1.220703E-03
856   6.103516E-04
857   6.103516E-04
858   6.103516E-04
859   6.103516E-04
860   0
861   -6.103516E-04
862   0
863   0
864   6.103516E-04
865   6.103516E-04
866   1.220703E-03
867   1.220703E-03
868   1.220703E-03
869   1.220703E-03
870   1.831055E-03
871   1.220703E-03
872   1.220703E-03
873   6.103516E-04
874   6.103516E-04
875   0
876   0
877   0
878   0
879   0
880   0
881   6.103516E-04
882   6.103516E-04
883   1.220703E-03
884   1.220703E-03
885   1.831055E-03
886   1.220703E-03
887   1.831055E-03
888   1.220703E-03
889   1.220703E-03
890   6.103516E-04
891   6.103516E-04
892   0
893   0
894   0
895   0
896   0
897   0
898   6.103516E-04
899   6.103516E-04
900   1.220703E-03
901   1.220703E-03
902   1.220703E-03
903   1.220703E-03
904   1.220703E-03
905   1.220703E-03
906   1.220703E-03
907   6.103516E-04
908   6.103516E-04
909   0
910   0
911   0
912   0
913   0
914   0
915   6.103516E-04
916   6.103516E-04
917   1.220703E-03
918   1.220703E-03
919   1.831055E-03
920   1.220703E-03
921   1.831055E-03
922   1.220703E-03
923   6.103516E-04
924   6.103516E-04
925   0
926   0
927   -6.103516E-04
928   0
929   0
930   0
931   0
932   6.103516E-04
933   1.220703E-03
934   1.220703E-03
935   1.220703E-03
936   1.831055E-03
937   1.831055E-03
938   1.831055E-03
939   6.103516E-04
940   6.103516E-04
941   6.103516E-04
942   0
943   0
944   0
945   0
946   0
947   0
948   6.103516E-04
949   6.103516E-04
950   1.220703E-03
951   1.220703E-03
952   1.831055E-03
953   1.220703E-03
954   1.220703E-03
955   1.220703E-03
956   6.103516E-04
957   6.103516E-04
958   6.103516E-04
959   6.103516E-04
960   0
961   -6.103516E-04
962   0
963   0
964   6.103516E-04
965   6.103516E-04
966   6.103516E-04
967   1.220703E-03
968   1.220703E-03
969   1.220703E-03
970   1.831055E-03
971   1.220703E-03
972   1.220703E-03
973   6.103516E-04
974   6.103516E-04
975   0
976   0
977   0
978   0
979   0
980   0
981   6.103516E-04
982   6.103516E-04
983   1.220703E-03
984   1.220703E-03
985   1.220703E-03
986   1.831055E-03
987   1.220703E-03
988   1.220703E-03
989   1.220703E-03
990   6.103516E-04
991   6.103516E-04
992   0
993   0
994   0
995   0
996   0
997   0
998   1.220703E-03
999   6.103516E-04
1000   1.220703E-03
1001   1.220703E-03
1002   1.831055E-03
1003   1.220703E-03
1004   1.220703E-03
1005   1.220703E-03
1006   6.103516E-04
1007   6.103516E-04
1008   6.103516E-04
1009   0
1010   0
1011   0
1012   0
1013   0
1014   6.103516E-04
1015   1.220703E-03
1016   6.103516E-04
1017   1.220703E-03
1018   1.220703E-03
1019   1.831055E-03
1020   1.220703E-03
1021   1.220703E-03
1022   1.220703E-03
1023   6.103516E-04
1024   6.103516E-04
1025   0
1026   0
1027   0
1028   0
1029   0
1030   0
1031   0
1032   1.220703E-03
1033   1.220703E-03
1034   1.220703E-03
1035   1.831055E-03
1036   1.831055E-03
1037   1.220703E-03
1038   1.831055E-03
1039   6.103516E-04
1040   6.103516E-04
1041   6.103516E-04
1042   0
1043   0
1044   -6.103516E-04
1045   0
1046   0
1047   0
1048   6.103516E-04
1049   6.103516E-04
1050   1.220703E-03
1051   1.220703E-03
1052   1.220703E-03
1053   1.220703E-03
1054   1.220703E-03
1055   1.220703E-03
1056   6.103516E-04
1057   6.103516E-04
1058   6.103516E-04
1059   0
1060   0
1061   0
1062   0
1063   0
1064   0
1065   1.220703E-03
1066   1.220703E-03
1067   1.220703E-03
1068   1.220703E-03
1069   1.220703E-03
1070   1.220703E-03
1071   1.220703E-03
1072   1.220703E-03
1073   6.103516E-04
1074   6.103516E-04
1075   6.103516E-04
1076   0
1077   0
1078   0
1079   0
1080   0
1081   0
1082   1.220703E-03
1083   1.220703E-03
1084   1.220703E-03
1085   1.220703E-03
1086   1.220703E-03
1087   1.831055E-03
1088   1.220703E-03
1089   1.220703E-03
1090   6.103516E-04
1091   6.103516E-04
1092   0
1093   0
1094   0
1095   0
1096   0
1097   0
1098   6.103516E-04
1099   1.220703E-03
1100   6.103516E-04
1101   1.220703E-03
1102   1.831055E-03
1103   1.220703E-03
1104   1.220703E-03
1105   1.220703E-03
1106   1.220703E-03
1107   6.103516E-04
1108   6.103516E-04
1109   0
1110   0
1111   0
1112   0
1113   0
1114   0
1115   6.103516E-04
1116   6.103516E-04
1117   1.220703E-03
1118   1.220703E-03
1119   1.220703E-03
1120   1.831055E-03
1121   1.220703E-03
1122   1.220703E-03
1123   6.103516E-04
1124   6.103516E-04
1125   0
1126   0
1127   0
1128   0
1129   0
1130   0
1131   6.103516E-04
1132   1.220703E-03
1133   6.103516E-04
1134   1.220703E-03
1135   1.220703E-03
1136   1.831055E-03
1137   1.220703E-03
1138   1.220703E-03
1139   1.220703E-03
1140   6.103516E-04
1141   6.103516E-04
1142   0
1143   0
1144   0
1145   0
1146   0
1147   6.103516E-04
1148   6.103516E-04
1149   0
1150   1.220703E-03
1151   1.220703E-03
1152   1.220703E-03
1153   1.831055E-03
1154   1.220703E-03
1155   1.220703E-03
1156   1.220703E-03
1157   6.103516E-04
1158   6.103516E-04
1159   0
1160   0
1161   0
1162   0
1163   0
1164   6.103516E-04
1165   6.103516E-04
1166   6.103516E-04
1167   1.220703E-03
1168   1.220703E-03
1169   1.220703E-03
1170   1.220703E-03
1171   1.220703E-03
1172   1.220703E-03
1173   1.220703E-03
1174   6.103516E-04
1175   0
1176   0
1177   0
1178   0
1179   0
1180   0
1181   6.103516E-04
1182   6.103516E-04
1183   1.220703E-03
1184   1.220703E-03
1185   1.220703E-03
1186   1.220703E-03
1187   1.220703E-03
1188   1.220703E-03
1189   6.103516E-04
1190   6.103516E-04
1191   6.103516E-04
1192   0
1193   0
1194   0
1195   0
1196   0
1197   6.103516E-04
1198   6.103516E-04
1199   1.220703E-03
1200   1.220703E-03
1201   1.220703E-03
1202   1.220703E-03
1203   1.220703E-03
1204   1.220703E-03
1205   1.220703E-03
1206   1.220703E-03
1207   6.103516E-04
1208   0
1209   0
1210   0
1211   0
1212   0
1213   0
1214   6.103516E-04
1215   1.220703E-03
1216   6.103516E-04
1217   1.220703E-03
1218   1.220703E-03
1219   1.220703E-03
1220   1.220703E-03
1221   6.103516E-04
1222   1.220703E-03
1223   6.103516E-04
1224   6.103516E-04
1225   0
1226   0
1227   0
1228   0
1229   0
1230   0
1231   6.103516E-04
1232   6.103516E-04
1233   1.220703E-03
1234   1.220703E-03
1235   1.220703E-03
1236   1.831055E-03
1237   1.220703E-03
1238   1.220703E-03
1239   1.220703E-03
1240   6.103516E-04
1241   6.103516E-04
1242   0
1243   0
1244   0
1245   0
1246   0
1247   0
1248   6.103516E-04
1249   1.220703E-03
1250   1.220703E-03
1251   1.220703E-03
1252   1.220703E-03
1253   1.220703E-03
1254   1.220703E-03
1255   1.220703E-03
1256   6.103516E-04
1257   6.103516E-04
1258   6.103516E-04
1259   0
1260   0
1261   0
1262   0
1263   0
1264   6.103516E-04
1265   6.103516E-04
1266   6.103516E-04
1267   1.220703E-03
1268   1.831055E-03
1269   1.220703E-03
1270   1.220703E-03
1271   1.831055E-03
1272   6.103516E-04
1273   6.103516E-04
1274   0
1275   0
1276   0
1277   0
1278   0
1279   0
1280   0
1281   6.103516E-04
1282   6.103516E-04
1283   1.220703E-03
1284   1.220703E-03
1285   1.220703E-03
1286   1.220703E-03
1287   1.831055E-03
1288   1.220703E-03
1289   6.103516E-04
1290   6.103516E-04
1291   6.103516E-04
1292   6.103516E-04
1293   0
1294   0
1295   0
1296   0
1297   0
1298   6.103516E-04
1299   6.103516E-04
1300   1.220703E-03
1301   1.831055E-03
1302   1.220703E-03
1303   1.220703E-03
1304   1.220703E-03
1305   1.831055E-03
1306   6.103516E-04
1307   0
1308   0
1309   0
1310   0
1311   -6.103516E-04
1312   0
1313   0
1314   6.103516E-04
1315   1.220703E-03
1316   6.103516E-04
1317   1.220703E-03
1318   1.220703E-03
1319   1.220703E-03
1320   1.220703E-03
1321   1.220703E-03
1322   1.220703E-03
1323   6.103516E-04
1324   6.103516E-04
1325   0
1326   0
1327   0
1328   0
1329   0
1330   6.103516E-04
1331   6.103516E-04
1332   6.103516E-04
1333   1.220703E-03
1334   1.220703E-03
1335   1.220703E-03
1336   1.220703E-03
1337   1.220703E-03
1338   1.831055E-03
1339   1.220703E-03
1340   6.103516E-04
1341   6.103516E-04
1342   0
1343   0
1344   0
1345   0
1346   0
1347   6.103516E-04
1348   6.103516E-04
1349   6.103516E-04
1350   1.220703E-03
1351   1.220703E-03
1352   1.220703E-03
1353   1.831055E-03
1354   1.220703E-03
1355   1.220703E-03
1356   1.220703E-03
1357   6.103516E-04
1358   0
1359   0
1360   0
1361   0
1362   0
1363   0
1364   6.103516E-04
1365   6.103516E-04
1366   1.220703E-03
1367   1.220703E-03
1368   1.220703E-03
1369   1.831055E-03
1370   1.831055E-03
1371   1.220703E-03
1372   1.220703E-03
1373   1.220703E-03
1374   6.103516E-04
1375   -6.103516E-04
1376   0
1377   0
1378   0
1379   0
1380   0
1381   6.103516E-04
1382   6.103516E-04
1383   1.220703E-03
1384   1.220703E-03
1385   1.220703E-03
1386   1.220703E-03
1387   1.220703E-03
1388   1.220703E-03
1389   6.103516E-04
1390   6.103516E-04
1391   6.103516E-04
1392   0
1393   0
1394   0
1395   0
1396   6.103516E-04
1397   0
1398   6.103516E-04
1399   1.220703E-03
1400   1.220703E-03
1401   1.220703E-03
1402   1.220703E-03
1403   1.220703E-03
1404   1.220703E-03
1405   1.220703E-03
1406   6.103516E-04
1407   6.103516E-04
1408   6.103516E-04
1409   0
1410   0
1411   0
1412   0
1413   0
1414   6.103516E-04
1415   6.103516E-04
1416   1.220703E-03
1417   1.220703E-03
1418   1.220703E-03
1419   1.831055E-03
1420   1.220703E-03
1421   1.220703E-03
1422   1.220703E-03
1423   6.103516E-04
1424   6.103516E-04
1425   0
1426   0
1427   0
1428   0
1429   0
1430   0
1431   6.103516E-04
1432   1.220703E-03
1433   1.220703E-03
1434   1.220703E-03
1435   1.220703E-03
1436   1.831055E-03
1437   1.220703E-03
1438   1.220703E-03
1439   1.220703E-03
1440   6.103516E-04
1441   0
1442   0
1443   0
1444   0
1445   0
1446   0
1447   6.103516E-04
1448   1.220703E-03
1449   1.220703E-03
1450   1.220703E-03
1451   1.220703E-03
1452   1.220703E-03
1453   1.220703E-03
1454   1.220703E-03
1455   1.220703E-03
1456   6.103516E-04
1457   6.103516E-04
1458   0
1459   0
1460   0
1461   0
1462   0
1463   0
1464   6.103516E-04
1465   6.103516E-04
1466   6.103516E-04
1467   1.220703E-03
1468   1.220703E-03
1469   1.220703E-03
1470   1.220703E-03
1471   1.831055E-03
1472   1.220703E-03
1473   6.103516E-04
1474   6.103516E-04
1475   0
1476   0
1477   0
1478   0
1479   0
1480   0
1481   6.103516E-04
1482   6.103516E-04
1483   1.220703E-03
1484   1.220703E-03
1485   1.220703E-03
1486   1.220703E-03
1487   1.220703E-03
1488   1.220703E-03
1489   1.220703E-03
1490   6.103516E-04
1491   6.103516E-04
1492   0
1493   0
1494   0
1495   0
1496   0
1497   0
1498   6.103516E-04
1499   6.103516E-04
1500   1.220703E-03
1501   1.220703E-03
1502   1.220703E-03
1503   1.220703E-03
1504   1.220703E-03
1505   1.220703E-03
1506   6.103516E-04
1507   6.103516E-04
1508   0
1509   0
1510   0
1511   0
1512   0
1513   0
1514   0
1515   1.220703E-03
1516   1.220703E-03
1517   1.220703E-03
1518   1.220703E-03
1519   1.220703E-03
1520   1.220703E-03
1521   1.220703E-03
1522   6.103516E-04
1523   6.103516E-04
1524   6.103516E-04
1525   0
1526   0
1527   -6.103516E-04
1528   0
1529   0
1530   6.103516E-04
1531   6.103516E-04
1532   6.103516E-04
1533   1.220703E-03
1534   1.220703E-03
1535   1.220703E-03
1536   1.220703E-03
1537   1.220703E-03
1538   1.220703E-03
1539   6.103516E-04
1540   0
1541   6.103516E-04
1542   0
1543   0
1544   0
1545   0
1546   0
1547   0
1548   6.103516E-04
1549   1.220703E-03
1550   1.220703E-03
1551   1.220703E-03
1552   1.220703E-03
1553   1.220703E-03
1554   1.220703E-03
1555   1.220703E-03
1556   6.103516E-04
1557   0
1558   0
1559   0
1560   -6.103516E-04
1561   0
1562   0
1563   0
1564   6.103516E-04
1565   1.220703E-03
1566   1.220703E-03
1567   1.220703E-03
1568   1.220703E-03
1569   1.831055E-03
1570   1.220703E-03
1571   1.220703E-03
1572   6.103516E-04
1573   6.103516E-04
1574   6.103516E-04
1575   6.103516E-04
1576   0
1577   0
1578   0
1579   0
1580   0
1581   6.103516E-04
1582   6.103516E-04
1583   1.220703E-03
1584   1.220703E-03
1585   1.220703E-03
1586   1.831055E-03
1587   1.831055E-03
1588   1.220703E-03
1589   6.103516E-04
1590   6.103516E-04
1591   6.103516E-04
1592   0
1593   0
1594   0
1595   0
1596   0
1597   6.103516E-04
1598   6.103516E-04
1599   6.103516E-04
1600   1.220703E-03
1601   1.220703E-03
1602   1.831055E-03
1603   1.220703E-03
1604   1.220703E-03
1605   1.220703E-03
1606   1.220703E-03
1607   6.103516E-04
1608   0
1609   0
1610   0
1611   0
1612   0
1613   0
1614   6.103516E-04
1615   6.103516E-04
1616   6.103516E-04
1617   1.220703E-03
1618   1.220703E-03
1619   1.220703E-03
1620   1.220703E-03
1621   1.220703E-03
1622   1.220703E-03
1623   6.103516E-04
1624   6.103516E-04
1625   0
1626   0
1627   0
1628   0
1629   0
1630   0
1631   0
1632   1.220703E-03
1633   6.103516E-04
1634   1.220703E-03
1635   1.220703E-03
1636   1.831055E-03
1637   1.220703E-03
1638   1.220703E-03
1639   6.103516E-04
1640   6.103516E-04
1641   6.103516E-04
1642   0
1643   0
1644   0
1645   0
1646   0
1647   0
1648   6.103516E-04
1649   1.220703E-03
1650   1.220703E-03
1651   1.220703E-03
1652   1.220703E-03
1653   1.220703E-03
1654   1.220703E-03
1655   1.220703E-03
1656   6.103516E-04
1657   6.103516E-04
1658   6.103516E-04
1659   0
1660   0
1661   0
1662   0
1663   0
1664   6.103516E-04
1665   1.220703E-03
1666   1.220703E-03
1667   1.220703E-03
1668   1.220703E-03
1669   1.831055E-03
1670   1.220703E-03
1671   1.220703E-03
1672   1.220703E-03
1673   6.103516E-04
1674   6.103516E-04
1675   0
1676   0
1677   0
1678   0
1679   0
1680   0
1681   6.103516E-04
1682   1.220703E-03
1683   1.220703E-03
1684   1.220703E-03
1685   1.220703E-03
1686   1.831055E-03
1687   1.220703E-03
1688   1.220703E-03
1689   6.103516E-04
1690   6.103516E-04
1691   6.103516E-04
1692   0
1693   0
1694   0
1695   0
1696   0
1697   0
1698   6.103516E-04
1699   6.103516E-04
1700   1.220703E-03
1701   1.220703E-03
1702   1.220703E-03
1703   1.220703E-03
1704   1.220703E-03
1705   6.103516E-04
1706   0
1707   0
1708   0
1709   0
1710   -6.103516E-04
1711   0
1712   0
1713   0
1714   6.103516E-04
1715   6.103516E-04
1716   6.103516E-04
1717   6.103516E-04
1718   1.220703E-03
1719   1.220703E-03
1720   1.220703E-03
1721   1.220703E-03
1722   1.220703E-03
1723   6.103516E-04
1724   0
1725   0
1726   0
1727   0
1728   0
1729   0
1730   6.103516E-04
1731   6.103516E-04
1732   6.103516E-04
1733   1.220703E-03
1734   1.831055E-03
1735   1.220703E-03
1736   1.220703E-03
1737   1.220703E-03
1738   1.220703E-03
1739   6.103516E-04
1740   6.103516E-04
1741   6.103516E-04
1742   0
1743   0
1744   0
1745   0
1746   0
1747   6.103516E-04
1748   6.103516E-04
1749   6.103516E-04
1750   6.103516E-04
1751   1.220703E-03
1752   1.831055E-03
1753   1.831055E-03
1754   1.831055E-03
1755   1.220703E-03
1756   6.103516E-04
1757   6.103516E-04
1758   6.103516E-04
1759   0
1760   0
1761   0
1762   0
1763   0
1764   0
1765   6.103516E-04
1766   1.220703E-03
1767   1.220703E-03
1768   1.220703E-03
1769   1.220703E-03
1770   1.220703E-03
1771   1.220703E-03
1772   6.103516E-04
1773   0
1774   6.103516E-04
1775   0
1776   0
1777   -6.103516E-04
1778   0
1779   0
1780   -6.103516E-04
1781   6.103516E-04
1782   6.103516E-04
1783   1.220703E-03
1784   1.220703E-03
1785   1.220703E-03
1786   1.220703E-03
1787   1.831055E-03
1788   1.220703E-03
1789   6.103516E-04
1790   6.103516E-04
1791   6.103516E-04
1792   0
1793   0
1794   0
1795   0
1796   0
1797   6.103516E-04
1798   6.103516E-04
1799   6.103516E-04
1800   1.220703E-03
1801   1.220703E-03
1802   1.220703E-03
1803   1.220703E-03
1804   1.220703E-03
1805   1.220703E-03
1806   1.220703E-03
1807   6.103516E-04
1808   0
1809   0
1810   0
1811   0
1812   0
1813   0
1814   6.103516E-04
1815   1.220703E-03
1816   1.220703E-03
1817   1.220703E-03
1818   1.220703E-03
1819   1.220703E-03
1820   1.220703E-03
1821   1.220703E-03
1822   1.220703E-03
1823   6.103516E-04
1824   0
1825   0
1826   0
1827   0
1828   0
1829   0
1830   6.103516E-04
1831   6.103516E-04
1832   6.103516E-04
1833   1.220703E-03
1834   1.220703E-03
1835   1.220703E-03
1836   1.831055E-03
1837   1.220703E-03
1838   1.220703E-03
1839   6.103516E-04
1840   6.103516E-04
1841   6.103516E-04
1842   0
1843   0
1844   -6.103516E-04
1845   0
1846   0
1847   6.103516E-04
1848   6.103516E-04
1849   6.103516E-04
1850   1.220703E-03
1851   1.220703E-03
1852   1.220703E-03
1853   6.103516E-04
1854   1.831055E-03
1855   1.831055E-03
1856   6.103516E-04
1857   6.103516E-04
1858   0
1859   0
1860   0
1861   0
1862   0
1863   0
1864   6.103516E-04
1865   6.103516E-04
1866   6.103516E-04
1867   1.831055E-03
1868   1.831055E-03
1869   1.220703E-03
1870   1.220703E-03
1871   1.220703E-03
1872   1.220703E-03
1873   6.103516E-04
1874   6.103516E-04
1875   0
1876   0
1877   0
1878   0
1879   0
1880   0
1881   6.103516E-04
1882   1.220703E-03
1883   1.220703E-03
1884   1.220703E-03
1885   1.220703E-03
1886   1.220703E-03
1887   1.220703E-03
1888   1.831055E-03
1889   1.220703E-03
1890   1.220703E-03
1891   0
1892   6.103516E-04
1893   0
1894   0
1895   0
1896   0
1897   6.103516E-04
1898   6.103516E-04
1899   0
1900   1.220703E-03
1901   1.220703E-03
1902   1.831055E-03
1903   1.220703E-03
1904   1.220703E-03
1905   6.103516E-04
1906   6.103516E-04
1907   6.103516E-04
1908   0
1909   0
1910   0
1911   0
1912   0
1913   0
1914   6.103516E-04
1915   6.103516E-04
1916   6.103516E-04
1917   1.220703E-03
1918   1.831055E-03
1919   1.220703E-03
1920   1.220703E-03
1921   1.220703E-03
1922   1.220703E-03
1923   6.103516E-04
1924   6.103516E-04
1925   0
1926   -6.103516E-04
1927   0
1928   0
1929   6.103516E-04
1930   0
1931   6.103516E-04
1932   6.103516E-04
1933   1.220703E-03
1934   1.220703E-03
1935   1.831055E-03
1936   1.831055E-03
1937   1.220703E-03
1938   1.220703E-03
1939   6.103516E-04
1940   6.103516E-04
1941   6.103516E-04
1942   6.103516E-04
1943   0
1944   0
1945   0
1946   0
1947   6.103516E-04
1948   6.103516E-04
1949   6.103516E-04
1950   1.220703E-03
1951   1.220703E-03
1952   1.220703E-03
1953   1.220703E-03
1954   1.220703E-03
1955   6.103516E-04
1956   6.103516E-04
1957   6.103516E-04
1958   0
1959   0
1960   0
1961   0
1962   0
1963   0
1964   6.103516E-04
1965   1.220703E-03
1966   6.103516E-04
1967   1.220703E-03
1968   1.220703E-03
1969   1.220703E-03
1970   1.220703E-03
1971   1.220703E-03
1972   1.220703E-03
1973   0
1974   6.103516E-04
1975   0
1976   0
1977   0
1978   0
1979   0
1980   0
1981   0
1982   6.103516E-04
1983   1.220703E-03
1984   1.220703E-03
1985   1.220703E-03
1986   1.220703E-03
1987   1.220703E-03
1988   1.220703E-03
1989   1.220703E-03
1990   6.103516E-04
1991   6.103516E-04
1992   0
1993   0
1994   0
1995   0
1996   0
1997   6.103516E-04
1998   6.103516E-04
1999   6.103516E-04
2000   1.220703E-03
2001   1.220703E-03
2002   1.831055E-03
2003   1.220703E-03
2004   1.220703E-03
2005   1.220703E-03
2006   6.103516E-04
2007   6.103516E-04
2008   0
2009   0
2010   0
2011   0
2012   0
2013   0
2014   6.103516E-04
2015   6.103516E-04
2016   1.220703E-03
2017   1.220703E-03
2018   1.220703E-03
2019   1.831055E-03
2020   1.831055E-03
2021   1.220703E-03
2022   1.220703E-03
2023   6.103516E-04
2024   6.103516E-04
2025   0
2026   0
2027   0
2028   0
2029   0
2030   6.103516E-04
2031   6.103516E-04
2032   6.103516E-04
2033   1.220703E-03
2034   1.220703E-03
2035   1.831055E-03
2036   1.220703E-03
2037   1.220703E-03
2038   1.220703E-03
2039   6.103516E-04
2040   6.103516E-04
2041   0
2042   0
2043   0
2044   0
2045   0
2046   0
2047   0
2048   1.220703E-03
2049   6.103516E-04
2050   1.220703E-03
2051   1.220703E-03
2052   1.220703E-03
2053   1.220703E-03
2054   1.220703E-03
2055   6.103516E-04
2056   6.103516E-04
2057   6.103516E-04
2058   6.103516E-04
2059   0
2060   0
2061   0
2062   0
2063   0
2064   6.103516E-04
2065   1.220703E-03
2066   1.220703E-03
2067   1.220703E-03
2068   1.220703E-03
2069   1.220703E-03
2070   1.220703E-03
2071   1.220703E-03
2072   1.220703E-03
2073   6.103516E-04
2074   6.103516E-04
2075   6.103516E-04
2076   0
2077   0
2078   0
2079   0
2080   0
2081   6.103516E-04
2082   1.220703E-03
2083   6.103516E-04
2084   1.220703E-03
2085   1.220703E-03
2086   1.220703E-03
2087   1.220703E-03
2088   1.220703E-03
2089   6.103516E-04
2090   6.103516E-04
2091   6.103516E-04
2092   0
2093   0
2094   -6.103516E-04
2095   0
2096   0
2097   6.103516E-04
2098   6.103516E-04
2099   6.103516E-04
2100   1.220703E-03
2101   1.220703E-03
2102   1.831055E-03
2103   1.831055E-03
2104   1.220703E-03
2105   1.220703E-03
2106   6.103516E-04
2107   6.103516E-04
2108   6.103516E-04
2109   0
2110   0
2111   0
2112   0
2113   0
2114   6.103516E-04
2115   6.103516E-04
2116   1.220703E-03
2117   1.220703E-03
2118   1.220703E-03
2119   1.831055E-03
2120   1.220703E-03
2121   1.220703E-03
2122   6.103516E-04
2123   6.103516E-04
2124   6.103516E-04
2125   0
2126   0
2127   0
2128   0
2129   0
2130   0
2131   6.103516E-04
2132   1.220703E-03
2133   1.220703E-03
2134   1.220703E-03
2135   1.220703E-03
2136   1.831055E-03
2137   1.220703E-03
2138   1.220703E-03
2139   1.220703E-03
2140   6.103516E-04
2141   0
2142   0
2143   0
2144   0
2145   0
2146   0
2147   0
2148   1.220703E-03
2149   1.220703E-03
2150   6.103516E-04
2151   1.220703E-03
2152   1.220703E-03
2153   1.220703E-03
2154   1.220703E-03
2155   1.220703E-03
2156   6.103516E-04
2157   6.103516E-04
2158   6.103516E-04
2159   0
2160   0
2161   0
2162   0
2163   0
2164   6.103516E-04
2165   6.103516E-04
2166   1.220703E-03
2167   1.220703E-03
2168   1.220703E-03
2169   1.831055E-03
2170   1.220703E-03
2171   1.220703E-03
2172   6.103516E-04
2173   6.103516E-04
2174   6.103516E-04
2175   0
2176   0
2177   0
2178   0
2179   0
2180   0
2181   6.103516E-04
2182   1.220703E-03
2183   1.220703E-03
2184   1.220703E-03
2185   1.220703E-03
2186   1.831055E-03
2187   1.220703E-03
2188   6.103516E-04
2189   6.103516E-04
2190   6.103516E-04
2191   0
2192   0
2193   0
2194   0
2195   0
2196   0
2197   0
2198   1.220703E-03
2199   1.220703E-03
2200   1.220703E-03
2201   1.220703E-03
2202   1.220703E-03
2203   1.831055E-03
2204   1.220703E-03
2205   1.220703E-03
2206   6.103516E-04
2207   6.103516E-04
2208   0
2209   0
2210   0
2211   0
2212   0
2213   0
2214   6.103516E-04
2215   6.103516E-04
2216   1.220703E-03
2217   1.831055E-03
2218   1.220703E-03
2219   1.220703E-03
2220   1.220703E-03
2221   6.103516E-04
2222   1.220703E-03
2223   0
2224   0
2225   0
2226   0
2227   0
2228   -6.103516E-04
2229   0
2230   6.103516E-04
2231   6.103516E-04
2232   1.220703E-03
2233   1.220703E-03
2234   1.220703E-03
2235   1.220703E-03
2236   1.220703E-03
2237   1.220703E-03
2238   1.220703E-03
2239   1.220703E-03
2240   0
2241   0
2242   0
2243   0
2244   0
2245   0
2246   0
2247   6.103516E-04
2248   6.103516E-04
2249   1.220703E-03
2250   1.220703E-03
2251   1.220703E-03
2252   1.831055E-03
2253   1.220703E-03
2254   1.220703E-03
2255   1.220703E-03
2256   6.103516E-04
2257   6.103516E-04
2258   6.103516E-04
2259   0
2260   0
2261   0
2262   -6.103516E-04
2263   6.103516E-04
2264   6.103516E-04
2265   6.103516E-04
2266   1.220703E-03
2267   1.220703E-03
2268   1.220703E-03
2269   1.831055E-03
2270   1.220703E-03
2271   1.220703E-03
2272   6.103516E-04
2273   6.103516E-04
2274   6.103516E-04
2275   0
2276   0
2277   0
2278   0
2279   0
2280   0
2281   6.103516E-04
2282   1.220703E-03
2283   1.220703E-03
2284   1.220703E-03
2285   1.220703E-03
2286   1.220703E-03
2287   1.220703E-03
2288   1.220703E-03
2289   6.103516E-04
2290   6.103516E-04
2291   0
2292   0
2293   0
2294   0
2295   0
2296   0
2297   0
2298   6.103516E-04
2299   6.103516E-04
2300   1.220703E-03
2301   1.220703E-03
2302   1.220703E-03
2303   1.220703E-03
2304   1.220703E-03
2305   1.220703E-03
2306   6.103516E-04
2307   6.103516E-04
2308   6.103516E-04
2309   0
2310   0
2311   0
2312   0
2313   0
2314   1.220703E-03
2315   6.103516E-04
2316   6.103516E-04
2317   1.220703E-03
2318   1.831055E-03
2319   1.831055E-03
2320   1.220703E-03
2321   1.220703E-03
2322   6.103516E-04
2323   6.103516E-04
2324   0
2325   0
2326   0
2327   0
2328   0
2329   0
2330   0
2331   6.103516E-04
2332   6.103516E-04
2333   1.220703E-03
2334   1.220703E-03
2335   1.220703E-03
2336   1.831055E-03
2337   1.220703E-03
2338   1.220703E-03
2339   6.103516E-04
2340   6.103516E-04
2341   0
2342   0
2343   0
2344   0
2345   0
2346   0
2347   6.103516E-04
2348   6.103516E-04
2349   6.103516E-04
2350   1.220703E-03
2351   1.831055E-03
2352   1.220703E-03
2353   1.220703E-03
2354   1.220703E-03
2355   1.220703E-03
2356   6.103516E-04
2357   0
2358   0
2359   0
2360   0
2361   0
2362   0
2363   6.103516E-04
2364   6.103516E-04
2365   6.103516E-04
2366   6.103516E-04
2367   6.103516E-04
2368   1.220703E-03
2369   1.831055E-03
2370   1.831055E-03
2371   1.220703E-03
2372   6.103516E-04
2373   6.103516E-04
2374   6.103516E-04
2375   0
2376   0
2377   0
2378   0
2379   0
2380   6.103516E-04
2381   6.103516E-04
2382   6.103516E-04
2383   6.103516E-04
2384   1.220703E-03
2385   1.831055E-03
2386   1.220703E-03
2387   1.220703E-03
2388   1.220703E-03
2389   6.103516E-04
2390   6.103516E-04
2391   0
2392   0
2393   0
2394   0
2395   0
2396   0
2397   6.103516E-04
2398   1.220703E-03
2399   6.103516E-04
2400   1.220703E-03
2401   1.220703E-03
2402   1.220703E-03
2403   1.220703E-03
2404   1.220703E-03
2405   1.220703E-03
2406   1.220703E-03
2407   0
2408   0
2409   0
2410   0
2411   -6.103516E-04
2412   0
2413   6.103516E-04
2414   6.103516E-04
2415   0
2416   1.220703E-03
2417   1.220703E-03
2418   1.220703E-03
2419   1.220703E-03
2420   1.831055E-03
2421   1.220703E-03
2422   6.103516E-04
2423   6.103516E-04
2424   6.103516E-04
2425   6.103516E-04
2426   0
2427   0
2428   0
2429   6.103516E-04
2430   6.103516E-04
2431   6.103516E-04
2432   6.103516E-04
2433   6.103516E-04
2434   1.831055E-03
2435   1.220703E-03
2436   1.220703E-03
2437   1.220703E-03
2438   1.220703E-03
2439   6.103516E-04
2440   6.103516E-04
2441   6.103516E-04
2442   0
2443   0
2444   0
2445   0
2446   0
2447   6.103516E-04
2448   6.103516E-04
2449   6.103516E-04
2450   1.831055E-03
2451   1.220703E-03
2452   1.220703E-03
2453   1.831055E-03
2454   1.831055E-03
2455   1.220703E-03
2456   6.103516E-04
2457   6.103516E-04
2458   0
2459   0
2460   0
2461   0
2462   0
2463   6.103516E-04
2464   1.220703E-03
2465   1.220703E-03
2466   1.220703E-03
2467   1.220703E-03
2468   1.220703E-03
2469   1.831055E-03
2470   1.220703E-03
2471   1.220703E-03
2472   6.103516E-04
2473   6.103516E-04
2474   6.103516E-04
2475   0
2476   0
2477   0
2478   0
2479   6.103516E-04
2480   6.103516E-04
2481   6.103516E-04
2482   6.103516E-04
2483   1.220703E-03
2484   1.831055E-03
2485   1.831055E-03
2486   1.831055E-03
2487   1.831055E-03
2488   1.220703E-03
2489   6.103516E-04
2490   0
2491   0
2492   0
2493   0
2494   0
2495   0
2496   0
2497   6.103516E-04
2498   1.220703E-03
2499   6.103516E-04
2500   1.220703E-03
2501   1.220703E-03
2502   1.220703E-03
2503   1.220703E-03
2504   1.831055E-03
2505   1.220703E-03
2506   6.103516E-04
2507   6.103516E-04
2508   0
2509   0
2510   0
2511   0
2512   0
2513   0
2514   6.103516E-04
2515   6.103516E-04
2516   1.220703E-03
2517   1.220703E-03
2518   1.220703E-03
2519   1.220703E-03
2520   1.220703E-03
2521   1.220703E-03
2522   6.103516E-04
2523   0
2524   0
2525   0
2526   0
2527   0
2528   0
2529   0
2530   6.103516E-04
2531   6.103516E-04
2532   1.220703E-03
2533   1.220703E-03
2534   1.220703E-03
2535   1.220703E-03
2536   1.220703E-03
2537   1.220703E-03
2538   1.220703E-03
2539   6.103516E-04
2540   6.103516E-04
2541   0
2542   0
2543   0
2544   0
2545   0
2546   0
2547   6.103516E-04
2548   6.103516E-04
2549   6.103516E-04
2550   6.103516E-04
2551   1.220703E-03
2552   1.220703E-03
2553   1.831055E-03
2554   1.220703E-03
2555   6.103516E-04
2556   0
2557   6.103516E-04
2558   6.103516E-04
2559   0
2560   0
2561   0
2562   0
2563   0
2564   6.103516E-04
2565   6.103516E-04
2566   6.103516E-04
2567   1.220703E-03
2568   1.220703E-03
2569   1.220703E-03
2570   1.831055E-03
2571   1.220703E-03
2572   6.103516E-04
2573   6.103516E-04
2574   6.103516E-04
2575   0
2576   0
2577   -6.103516E-04
2578   0
2579   0
2580   6.103516E-04
2581   6.103516E-04
2582   6.103516E-04
2583   1.220703E-03
2584   1.220703E-03
2585   1.220703E-03
2586   1.220703E-03
2587   1.220703E-03
2588   1.220703E-03
2589   6.103516E-04
2590   6.103516E-04
2591   0
2592   0
2593   0
2594   0
2595   0
2596   0
2597   6.103516E-04
2598   6.103516E-04
2599   1.220703E-03
2600   1.220703E-03
2601   1.220703E-03
2602   1.220703E-03
2603   1.831055E-03
2604   1.220703E-03
2605   6.103516E-04
2606   6.103516E-04
2607   6.103516E-04
2608   6.103516E-04
2609   0
2610   0
2611   0
2612   0
2613   0
2614   6.103516E-04
2615   6.103516E-04
2616   1.220703E-03
2617   1.220703E-03
2618   1.220703E-03
2619   1.220703E-03
2620   1.220703E-03
2621   1.831055E-03
2622   6.103516E-04
2623   6.103516E-04
2624   0
2625   0
2626   0
2627   -6.103516E-04
2628   0
2629   0
2630   6.103516E-04
2631   6.103516E-04
2632   1.220703E-03
2633   1.220703E-03
2634   1.220703E-03
2635   1.831055E-03
2636   1.220703E-03
2637   1.220703E-03
2638   1.220703E-03
2639   6.103516E-04
2640   6.103516E-04
2641   6.103516E-04
2642   0
2643   0
2644   0
2645   0
2646   0
2647   0
2648   6.103516E-04
2649   1.220703E-03
2650   1.220703E-03
2651   1.220703E-03
2652   1.831055E-03
2653   1.220703E-03
2654   1.220703E-03
2655   1.220703E-03
2656   6.103516E-04
2657   6.103516E-04
2658   0
2659   0
2660   0
2661   0
2662   0
2663   0
2664   6.103516E-04
2665   6.103516E-04
2666   1.220703E-03
2667   1.220703E-03
2668   1.220703E-03
2669   1.831055E-03
2670   1.220703E-03
2671   1.220703E-03
2672   6.103516E-04
2673   6.103516E-04
2674   6.103516E-04
2675   0
2676   0
2677   0
2678   0
2679   0
2680   0
2681   6.103516E-04
2682   1.220703E-03
2683   1.220703E-03
2684   1.220703E-03
2685   1.220703E-03
2686   1.220703E-03
2687   1.220703E-03
2688   1.220703E-03
2689   6.103516E-04
2690   0
2691   0
2692   0
2693   0
2694   0
2695   0
2696   0
2697   6.103516E-04
2698   6.103516E-04
2699   6.103516E-04
2700   1.220703E-03
2701   1.220703E-03
2702   1.220703E-03
2703   1.220703E-03
2704   1.220703E-03
2705   1.220703E-03
2706   6.103516E-04
2707   6.103516E-04
2708   0
2709   6.103516E-04
2710   0
2711   0
2712   0
2713   0
2714   6.103516E-04
2715   1.220703E-03
2716   1.220703E-03
2717   1.220703E-03
2718   1.220703E-03
2719   1.831055E-03
2720   1.220703E-03
2721   1.220703E-03
2722   6.103516E-04
2723   6.103516E-04
2724   6.103516E-04
2725   0
2726   0
2727   0
2728   0
2729   0
2730   0
2731   6.103516E-04
2732   6.103516E-04
2733   1.220703E-03
2734   1.220703E-03
2735   1.220703E-03
2736   1.220703E-03
2737   1.220703E-03
2738   1.220703E-03
2739   6.103516E-04
2740   0
2741   6.103516E-04
2742   0
2743   0
2744   0
2745   0
2746   0
2747   6.103516E-04
2748   1.220703E-03
2749   1.220703E-03
2750   1.220703E-03
2751   1.220703E-03
2752   1.831055E-03
2753   1.220703E-03
2754   1.220703E-03
2755   1.220703E-03
2756   6.103516E-04
2757   0
2758   0
2759   0
2760   0
2761   0
2762   0
2763   0
2764   6.103516E-04
2765   1.220703E-03
2766   1.220703E-03
2767   1.220703E-03
2768   1.220703E-03
2769   1.220703E-03
2770   1.220703E-03
2771   1.220703E-03
2772   6.103516E-04
2773   6.103516E-04
2774   6.103516E-04
2775   0
2776   0
2777   0
2778   0
2779   0
2780   0
2781   6.103516E-04
2782   6.103516E-04
2783   1.220703E-03
2784   1.220703E-03
2785   1.220703E-03
2786   1.831055E-03
2787   1.220703E-03
2788   6.103516E-04
2789   0
2790   6.103516E-04
2791   6.103516E-04
2792   0
2793   0
2794   0
2795   0
2796   0
2797   0
2798   6.103516E-04
2799   1.220703E-03
2800   1.220703E-03
2801   1.220703E-03
2802   1.220703E-03
2803   1.220703E-03
2804   1.220703E-03
2805   6.103516E-04
2806   6.103516E-04
2807   6.103516E-04
2808   0
2809   0
2810   0
2811   0
2812   0
2813   0
2814   6.103516E-04
2815   1.220703E-03
0   0
