-256   6.103516E-03
-255   6.103516E-03
-254   6.103516E-03
-253   6.103516E-03
-252   6.103516E-03
-251   6.103516E-03
-250   6.713867E-03
-249   7.324219E-03
-248   6.713867E-03
-247   7.324219E-03
-246   7.324219E-03
-245   7.324219E-03
-244   7.93457E-03
-243   7.324219E-03
-242   6.713867E-03
-241   6.713867E-03
-240   6.713867E-03
-239   6.103516E-03
-238   6.103516E-03
-237   6.103516E-03
-236   6.103516E-03
-235   6.103516E-03
-234   6.713867E-03
-233   6.713867E-03
-232   7.324219E-03
-231   7.324219E-03
-230   7.93457E-03
-229   7.93457E-03
-228   7.93457E-03
-227   7.93457E-03
-226   6.713867E-03
-225   6.713867E-03
-224   6.713867E-03
-223   6.713867E-03
-222   6.103516E-03
-221   6.103516E-03
-220   6.103516E-03
-219   6.103516E-03
-218   6.103516E-03
-217   6.713867E-03
-216   6.713867E-03
-215   7.324219E-03
-214   7.324219E-03
-213   7.324219E-03
-212   7.93457E-03
-211   7.324219E-03
-210   7.324219E-03
-209   6.713867E-03
-208   6.713867E-03
-207   6.103516E-03
-206   6.713867E-03
-205   6.103516E-03
-204   6.103516E-03
-203   6.713867E-03
-202   6.103516E-03
-201   6.103516E-03
-200   6.713867E-03
-199   7.324219E-03
-198   7.324219E-03
-197   7.93457E-03
-196   7.93457E-03
-195   7.93457E-03
-194   7.93457E-03
-193   7.324219E-03
-192   6.713867E-03
-191   7.324219E-03
-190   6.103516E-03
-189   6.713867E-03
-188   6.103516E-03
-187   6.103516E-03
-186   6.713867E-03
-185   6.713867E-03
-184   6.103516E-03
-183   7.324219E-03
-182   6.713867E-03
-181   7.324219E-03
-180   7.93457E-03
-179   7.93457E-03
-178   7.93457E-03
-177   7.324219E-03
-176   7.324219E-03
-175   7.324219E-03
-174   6.713867E-03
-173   6.713867E-03
-172   6.103516E-03
-171   6.103516E-03
-170   6.103516E-03
-169   6.103516E-03
-168   6.103516E-03
-167   6.713867E-03
-166   6.713867E-03
-165   7.324219E-03
-164   7.324219E-03
-163   7.93457E-03
-162   7.93457E-03
-161   7.324219E-03
-160   7.93457E-03
-159   7.324219E-03
-158   6.713867E-03
-157   6.713867E-03
-156   6.103516E-03
-155   6.103516E-03
-154   6.103516E-03
-153   6.103516E-03
-152   6.713867E-03
-151   6.103516E-03
-150   6.713867E-03
-149   7.324219E-03
-148   7.324219E-03
-147   7.324219E-03
-146   7.93457E-03
-145   7.324219E-03
-144   7.93457E-03
-143   7.324219E-03
-142   6.713867E-03
-141   6.713867E-03
-140   6.103516E-03
-139   6.713867E-03
-138   6.103516E-03
-137   5.493164E-03
-136   6.103516E-03
-135   6.103516E-03
-134   6.713867E-03
-133   7.324219E-03
-132   6.713867E-03
-131   7.324219E-03
-130   7.93457E-03
-129   7.93457E-03
-128   7.93457E-03
-127   7.324219E-03
-126   7.324219E-03
-125   7.324219E-03
-124   6.713867E-03
-123   6.713867E-03
-122   6.713867E-03
-121   6.713867E-03
-120   6.713867E-03
-119   6.103516E-03
-118   6.713867E-03
-117   6.713867E-03
-116   7.324219E-03
-115   7.324219E-03
-114   7.93457E-03
-113   7.93457E-03
-112   7.93457E-03
-111   7.93457E-03
-110   7.93457E-03
-109   7.324219E-03
-108   6.713867E-03
-107   6.713867E-03
-106   6.713867E-03
-105   6.713867E-03
-104   6.713867E-03
-103   6.713867E-03
-102   6.713867E-03
-101   6.713867E-03
-100   7.324219E-03
-99   7.93457E-03
-98   7.93457E-03
-97   7.93457E-03
-96   7.93457E-03
-95   8.544922E-03
-94   7.93457E-03
-93   7.93457E-03
-92   7.324219E-03
-91   7.324219E-03
-90   6.713867E-03
-89   6.713867E-03
-88   6.713867E-03
-87   6.103516E-03
-86   6.713867E-03
-85   6.713867E-03
-84   6.713867E-03
-83   7.93457E-03
-82   7.93457E-03
-81   7.93457E-03
-80   7.93457E-03
-79   8.544922E-03
-78   8.544922E-03
-77   7.93457E-03
-76   7.93457E-03
-75   7.93457E-03
-74   7.93457E-03
-73   7.324219E-03
-72   7.324219E-03
-71   6.713867E-03
-70   6.713867E-03
-69   7.324219E-03
-68   6.713867E-03
-67   7.93457E-03
-66   7.93457E-03
-65   7.93457E-03
-64   8.544922E-03
-63   7.93457E-03
-62   8.544922E-03
-61   8.544922E-03
-60   8.544922E-03
-59   7.93457E-03
-58   7.324219E-03
-57   7.324219E-03
-56   7.324219E-03
-55   6.713867E-03
-54   6.713867E-03
-53   6.713867E-03
-52   6.713867E-03
-51   7.324219E-03
-50   7.324219E-03
-49   7.93457E-03
-48   7.93457E-03
-47   8.544922E-03
-46   7.93457E-03
-45   8.544922E-03
-44   8.544922E-03
-43   7.93457E-03
-42   7.93457E-03
-41   7.324219E-03
-40   7.93457E-03
-39   7.324219E-03
-38   6.713867E-03
-37   7.324219E-03
-36   7.324219E-03
-35   7.324219E-03
-34   7.93457E-03
-33   7.93457E-03
-32   7.93457E-03
-31   7.93457E-03
-30   8.544922E-03
-29   8.544922E-03
-28   8.544922E-03
-27   9.155273E-03
-26   7.93457E-03
-25   7.93457E-03
-24   7.93457E-03
-23   7.324219E-03
-22   7.324219E-03
-21   7.324219E-03
-20   6.713867E-03
-19   7.324219E-03
-18   7.324219E-03
-17   7.324219E-03
-16   8.544922E-03
-15   8.544922E-03
-14   8.544922E-03
-13   8.544922E-03
-12   8.544922E-03
-11   8.544922E-03
-10   9.155273E-03
-9   7.93457E-03
-8   7.93457E-03
-7   7.93457E-03
-6   7.324219E-03
-5   7.324219E-03
-4   7.324219E-03
-3   7.324219E-03
-2   7.324219E-03
-1   1.586914E-02
0   1.831055E-03
1   7.324219E-03
2   7.93457E-03
3   8.544922E-03
4   8.544922E-03
5   8.544922E-03
6   8.544922E-03
7   7.93457E-03
8   7.93457E-03
9   7.324219E-03
10   7.324219E-03
11   7.324219E-03
12   6.713867E-03
13   6.103516E-03
14   6.713867E-03
15   6.103516E-03
16   6.713867E-03
17   6.713867E-03
18   6.713867E-03
19   7.324219E-03
20   7.324219E-03
21   7.324219E-03
22   7.324219E-03
23   7.324219E-03
24   6.713867E-03
25   6.103516E-03
26   6.103516E-03
27   4.882813E-03
28   5.493164E-03
29   4.882813E-03
30   4.272461E-03
31   4.882813E-03
32   4.882813E-03
33   5.493164E-03
34   4.882813E-03
35   5.493164E-03
36   5.493164E-03
37   5.493164E-03
38   6.103516E-03
39   5.493164E-03
40   5.493164E-03
41   4.882813E-03
42   4.272461E-03
43   4.272461E-03
44   3.662109E-03
45   3.662109E-03
46   3.662109E-03
47   3.662109E-03
48   3.662109E-03
49   3.662109E-03
50   4.272461E-03
51   4.272461E-03
52   4.882813E-03
53   4.882813E-03
54   4.882813E-03
55   4.272461E-03
56   4.272461E-03
57   4.882813E-03
58   3.662109E-03
59   3.662109E-03
60   3.662109E-03
61   3.051758E-03
62   2.441406E-03
63   2.441406E-03
64   3.051758E-03
65   3.051758E-03
66   3.662109E-03
67   3.662109E-03
68   3.662109E-03
69   3.662109E-03
70   4.272461E-03
71   3.662109E-03
72   3.662109E-03
73   3.662109E-03
74   3.662109E-03
75   2.441406E-03
76   2.441406E-03
77   2.441406E-03
78   2.441406E-03
79   1.831055E-03
80   2.441406E-03
81   1.831055E-03
82   2.441406E-03
83   2.441406E-03
84   3.051758E-03
85   3.662109E-03
86   3.662109E-03
87   3.662109E-03
88   3.051758E-03
89   3.662109E-03
90   3.051758E-03
91   2.441406E-03
92   2.441406E-03
93   2.441406E-03
94   1.831055E-03
95   1.831055E-03
96   1.220703E-03
97   1.831055E-03
98   1.220703E-03
99   1.831055E-03
100   2.441406E-03
101   2.441406E-03
102   2.441406E-03
103   3.051758E-03
104   3.051758E-03
105   3.051758E-03
106   3.051758E-03
107   2.441406E-03
108   2.441406E-03
109   1.831055E-03
110   1.220703E-03
111   1.831055E-03
112   1.220703E-03
113   6.103516E-04
114   1.220703E-03
115   1.220703E-03
116   1.831055E-03
117   1.831055E-03
118   2.441406E-03
119   2.441406E-03
120   2.441406E-03
121   2.441406E-03
122   2.441406E-03
123   2.441406E-03
124   2.441406E-03
125   1.831055E-03
126   1.831055E-03
127   6.103516E-04
128   6.103516E-04
129   6.103516E-04
130   1.220703E-03
131   1.220703E-03
132   1.220703E-03
133   1.220703E-03
134   1.831055E-03
135   1.831055E-03
136   2.441406E-03
137   2.441406E-03
138   2.441406E-03
139   1.831055E-03
140   2.441406E-03
141   1.831055E-03
142   1.220703E-03
143   1.831055E-03
144   6.103516E-04
145   6.103516E-04
146   6.103516E-04
147   6.103516E-04
148   6.103516E-04
149   1.220703E-03
150   1.220703E-03
151   1.831055E-03
152   2.441406E-03
153   1.831055E-03
154   1.831055E-03
155   2.441406E-03
156   2.441406E-03
157   1.831055E-03
158   1.831055E-03
159   1.220703E-03
160   6.103516E-04
161   6.103516E-04
162   6.103516E-04
163   6.103516E-04
164   6.103516E-04
165   6.103516E-04
166   1.220703E-03
167   1.831055E-03
168   1.220703E-03
169   1.831055E-03
170   2.441406E-03
171   1.831055E-03
172   1.831055E-03
173   1.831055E-03
174   1.220703E-03
175   1.831055E-03
176   1.220703E-03
177   6.103516E-04
178   6.103516E-04
179   6.103516E-04
180   6.103516E-04
181   0
182   1.220703E-03
183   1.220703E-03
184   1.220703E-03
185   1.831055E-03
186   1.831055E-03
187   1.831055E-03
188   1.831055E-03
189   1.831055E-03
190   1.831055E-03
191   1.220703E-03
192   1.220703E-03
193   1.220703E-03
194   6.103516E-04
195   0
196   0
197   6.103516E-04
198   6.103516E-04
199   6.103516E-04
200   1.220703E-03
201   1.220703E-03
202   1.220703E-03
203   1.831055E-03
204   1.831055E-03
205   1.831055E-03
206   1.831055E-03
207   1.220703E-03
208   6.103516E-04
209   1.220703E-03
210   6.103516E-04
211   6.103516E-04
212   6.103516E-04
213   0
214   6.103516E-04
215   0
216   1.220703E-03
217   1.220703E-03
218   1.220703E-03
219   1.831055E-03
220   1.831055E-03
221   1.220703E-03
222   1.831055E-03
223   1.831055E-03
224   1.220703E-03
225   6.103516E-04
226   6.103516E-04
227   0
228   6.103516E-04
229   0
230   0
231   0
232   6.103516E-04
233   6.103516E-04
234   1.220703E-03
235   1.220703E-03
236   1.220703E-03
237   1.831055E-03
238   1.831055E-03
239   1.831055E-03
240   1.831055E-03
241   1.220703E-03
242   6.103516E-04
243   6.103516E-04
244   0
245   0
246   0
247   0
248   6.103516E-04
249   6.103516E-04
250   6.103516E-04
251   1.220703E-03
252   1.220703E-03
253   1.220703E-03
254   1.831055E-03
255   1.220703E-03
256   1.220703E-03
257   1.220703E-03
258   6.103516E-04
259   1.220703E-03
260   0
261   0
262   0
263   0
264   0
265   0
266   6.103516E-04
267   1.220703E-03
268   6.103516E-04
269   1.831055E-03
270   1.831055E-03
271   1.220703E-03
272   1.831055E-03
273   1.220703E-03
274   1.220703E-03
275   1.220703E-03
276   6.103516E-04
277   0
278   0
279   0
280   0
281   0
282   6.103516E-04
283   6.103516E-04
284   1.220703E-03
285   1.220703E-03
286   1.220703E-03
287   1.220703E-03
288   1.831055E-03
289   1.220703E-03
290   1.831055E-03
291   6.103516E-04
292   6.103516E-04
293   6.103516E-04
294   0
295   0
296   0
297   0
298   0
299   0
300   6.103516E-04
301   1.220703E-03
302   1.220703E-03
303   1.220703E-03
304   1.831055E-03
305   1.220703E-03
306   1.220703E-03
307   1.220703E-03
308   6.103516E-04
309   6.103516E-04
310   0
311   0
312   0
313   0
314   0
315   0
316   6.103516E-04
317   6.103516E-04
318   6.103516E-04
319   1.220703E-03
320   1.220703E-03
321   1.220703E-03
322   1.831055E-03
323   1.220703E-03
324   1.220703E-03
325   6.103516E-04
326   0
327   0
328   0
329   -6.103516E-04
330   0
331   0
332   6.103516E-04
333   6.103516E-04
334   6.103516E-04
335   1.220703E-03
336   1.220703E-03
337   1.831055E-03
338   1.220703E-03
339   1.220703E-03
340   1.220703E-03
341   1.220703E-03
342   6.103516E-04
343   0
344   0
345   0
346   0
347   0
348   0
349   6.103516E-04
350   6.103516E-04
351   1.220703E-03
352   1.220703E-03
353   1.220703E-03
354   1.831055E-03
355   1.220703E-03
356   1.220703E-03
357   1.220703E-03
358   6.103516E-04
359   6.103516E-04
360   0
361   0
362   0
363   0
364   0
365   0
366   6.103516E-04
367   1.220703E-03
368   6.103516E-04
369   1.220703E-03
370   1.220703E-03
371   1.220703E-03
372   1.220703E-03
373   1.220703E-03
374   6.103516E-04
375   6.103516E-04
376   0
377   0
378   0
379   -6.103516E-04
380   0
381   0
382   0
383   6.103516E-04
384   6.103516E-04
385   1.220703E-03
386   1.220703E-03
387   1.831055E-03
388   1.220703E-03
389   1.220703E-03
390   1.220703E-03
391   1.220703E-03
392   6.103516E-04
393   6.103516E-04
394   0
395   0
396   -6.103516E-04
397   0
398   0
399   0
400   6.103516E-04
401   6.103516E-04
402   1.220703E-03
403   1.220703E-03
404   1.831055E-03
405   1.220703E-03
406   1.220703E-03
407   6.103516E-04
408   6.103516E-04
409   0
410   0
411   0
412   0
413   0
414   -6.103516E-04
415   0
416   0
417   6.103516E-04
418   6.103516E-04
419   1.220703E-03
420   1.831055E-03
421   1.220703E-03
422   1.220703E-03
423   1.220703E-03
424   6.103516E-04
425   6.103516E-04
426   6.103516E-04
427   0
428   0
429   -6.103516E-04
430   0
431   0
432   6.103516E-04
433   6.103516E-04
434   6.103516E-04
435   6.103516E-04
436   1.220703E-03
437   1.220703E-03
438   1.831055E-03
439   1.220703E-03
440   1.220703E-03
441   6.103516E-04
442   0
443   0
444   0
445   -6.103516E-04
446   0
447   0
448   0
449   6.103516E-04
450   6.103516E-04
451   6.103516E-04
452   1.220703E-03
453   1.220703E-03
454   1.220703E-03
455   1.220703E-03
456   1.220703E-03
457   1.220703E-03
458   6.103516E-04
459   0
460   0
461   0
462   0
463   0
464   0
465   0
466   6.103516E-04
467   6.103516E-04
468   1.220703E-03
469   6.103516E-04
470   1.220703E-03
471   1.220703E-03
472   1.220703E-03
473   1.220703E-03
474   6.103516E-04
475   6.103516E-04
476   6.103516E-04
477   0
478   0
479   -6.103516E-04
480   0
481   0
482   0
483   6.103516E-04
484   6.103516E-04
485   1.220703E-03
486   1.220703E-03
487   6.103516E-04
488   1.220703E-03
489   1.220703E-03
490   1.220703E-03
491   6.103516E-04
492   0
493   6.103516E-04
494   -6.103516E-04
495   0
496   -6.103516E-04
497   0
498   0
499   0
500   0
501   6.103516E-04
502   1.220703E-03
503   1.220703E-03
504   1.220703E-03
505   1.220703E-03
506   1.220703E-03
507   6.103516E-04
508   6.103516E-04
509   6.103516E-04
510   0
511   0
512   -6.103516E-04
513   -6.103516E-04
514   0
515   0
516   6.103516E-04
517   6.103516E-04
518   6.103516E-04
519   1.220703E-03
520   1.220703E-03
521   1.220703E-03
522   1.220703E-03
523   1.220703E-03
524   6.103516E-04
525   0
526   6.103516E-04
527   0
528   0
529   0
530   0
531   0
532   0
533   0
534   6.103516E-04
535   1.220703E-03
536   1.220703E-03
537   1.220703E-03
538   1.220703E-03
539   1.220703E-03
540   6.103516E-04
541   6.103516E-04
542   6.103516E-04
543   0
544   0
545   -6.103516E-04
546   0
547   0
548   0
549   0
550   6.103516E-04
551   6.103516E-04
552   6.103516E-04
553   1.220703E-03
554   1.220703E-03
555   1.220703E-03
556   6.103516E-04
557   6.103516E-04
558   6.103516E-04
559   0
560   0
561   -6.103516E-04
562   0
563   0
564   0
565   0
566   6.103516E-04
567   6.103516E-04
568   6.103516E-04
569   1.220703E-03
570   1.220703E-03
571   1.220703E-03
572   1.220703E-03
573   1.220703E-03
574   1.220703E-03
575   0
576   0
577   0
578   0
579   -6.103516E-04
580   0
581   0
582   0
583   6.103516E-04
584   6.103516E-04
585   6.103516E-04
586   1.220703E-03
587   1.220703E-03
588   1.220703E-03
589   1.220703E-03
590   1.220703E-03
591   6.103516E-04
592   -6.103516E-04
593   0
594   0
595   -6.103516E-04
596   0
597   0
598   -6.103516E-04
599   0
600   6.103516E-04
601   6.103516E-04
602   1.220703E-03
603   1.220703E-03
604   1.220703E-03
605   1.220703E-03
606   6.103516E-04
607   6.103516E-04
608   1.220703E-03
609   0
610   0
611   -6.103516E-04
612   0
613   -6.103516E-04
614   0
615   0
616   0
617   6.103516E-04
618   6.103516E-04
619   1.220703E-03
620   1.220703E-03
621   1.831055E-03
622   1.220703E-03
623   6.103516E-04
624   6.103516E-04
625   0
626   6.103516E-04
627   0
628   0
629   0
630   0
631   -6.103516E-04
632   0
633   6.103516E-04
634   6.103516E-04
635   1.220703E-03
636   6.103516E-04
637   1.220703E-03
638   1.220703E-03
639   1.220703E-03
640   1.220703E-03
641   6.103516E-04
642   6.103516E-04
643   0
644   -6.103516E-04
645   0
646   -6.103516E-04
647   0
648   0
649   6.103516E-04
650   6.103516E-04
651   6.103516E-04
652   1.220703E-03
653   1.220703E-03
654   1.220703E-03
655   1.220703E-03
656   6.103516E-04
657   1.220703E-03
658   6.103516E-04
659   0
660   0
661   0
662   0
663   0
664   0
665   0
666   0
667   6.103516E-04
668   6.103516E-04
669   1.220703E-03
670   1.220703E-03
671   1.220703E-03
672   1.220703E-03
673   1.220703E-03
674   6.103516E-04
675   6.103516E-04
676   6.103516E-04
677   0
678   -6.103516E-04
679   0
680   -6.103516E-04
681   0
682   0
683   0
684   6.103516E-04
685   6.103516E-04
686   1.220703E-03
687   1.220703E-03
688   1.220703E-03
689   1.220703E-03
690   1.220703E-03
691   6.103516E-04
692   6.103516E-04
693   0
694   0
695   0
696   0
697   0
698   0
699   0
700   0
701   1.220703E-03
702   1.220703E-03
703   1.220703E-03
704   1.220703E-03
705   1.220703E-03
706   6.103516E-04
707   1.220703E-03
708   6.103516E-04
709   0
710   0
711   0
712   0
713   0
714   0
715   0
716   0
717   6.103516E-04
718   1.220703E-03
719   1.220703E-03
720   1.220703E-03
721   1.831055E-03
722   1.220703E-03
723   6.103516E-04
724   6.103516E-04
725   6.103516E-04
726   6.103516E-04
727   0
728   -6.103516E-04
729   0
730   0
731   0
732   0
733   6.103516E-04
734   6.103516E-04
735   1.220703E-03
736   1.220703E-03
737   1.220703E-03
738   1.220703E-03
739   1.220703E-03
740   1.220703E-03
741   6.103516E-04
742   6.103516E-04
743   0
744   -6.103516E-04
745   0
746   0
747   0
748   0
749   6.103516E-04
750   6.103516E-04
751   6.103516E-04
752   1.220703E-03
753   1.220703E-03
754   1.220703E-03
755   1.220703E-03
756   1.220703E-03
757   6.103516E-04
758   6.103516E-04
759   0
760   0
761   0
762   -6.103516E-04
763   0
764   0
765   0
766   6.103516E-04
767   6.103516E-04
768   6.103516E-04
769   1.220703E-03
770   1.220703E-03
771   1.220703E-03
772   1.220703E-03
773   1.220703E-03
774   6.103516E-04
775   6.103516E-04
776   -6.103516E-04
777   -6.103516E-04
778   0
779   0
780   -6.103516E-04
781   0
782   0
783   0
784   6.103516E-04
785   1.220703E-03
786   1.220703E-03
787   1.220703E-03
788   1.220703E-03
789   1.220703E-03
790   6.103516E-04
791   6.103516E-04
792   1.220703E-03
793   0
794   -6.103516E-04
795   0
796   0
797   -6.103516E-04
798   0
799   0
800   6.103516E-04
801   6.103516E-04
802   6.103516E-04
803   1.220703E-03
804   1.220703E-03
805   1.220703E-03
806   1.220703E-03
807   1.220703E-03
808   0
809   0
810   0
811   -6.103516E-04
812   0
813   0
814   0
815   0
816   0
817   0
818   6.103516E-04
819   1.220703E-03
820   1.220703E-03
821   1.220703E-03
822   1.220703E-03
823   1.220703E-03
824   6.103516E-04
825   6.103516E-04
826   0
827   -6.103516E-04
828   0
829   0
830   -6.103516E-04
831   0
832   0
833   0
834   6.103516E-04
835   1.220703E-03
836   1.220703E-03
837   1.220703E-03
838   1.220703E-03
839   1.220703E-03
840   1.220703E-03
841   6.103516E-04
842   0
843   0
844   0
845   -6.103516E-04
846   0
847   0
848   0
849   0
850   6.103516E-04
851   6.103516E-04
852   1.220703E-03
853   1.220703E-03
854   1.220703E-03
855   1.220703E-03
856   1.220703E-03
857   6.103516E-04
858   0
859   6.103516E-04
860   0
861   0
862   0
863   -6.103516E-04
864   0
865   0
866   6.103516E-04
867   6.103516E-04
868   1.220703E-03
869   1.220703E-03
870   1.220703E-03
871   1.220703E-03
872   1.220703E-03
873   1.220703E-03
874   6.103516E-04
875   0
876   0
877   0
878   0
879   0
880   -6.103516E-04
881   0
882   0
883   6.103516E-04
884   6.103516E-04
885   1.220703E-03
886   1.220703E-03
887   1.220703E-03
888   6.103516E-04
889   1.220703E-03
890   1.220703E-03
891   6.103516E-04
892   0
893   0
894   -6.103516E-04
895   -6.103516E-04
896   -6.103516E-04
897   0
898   0
899   0
900   6.103516E-04
901   6.103516E-04
902   1.220703E-03
903   1.220703E-03
904   1.220703E-03
905   1.220703E-03
906   1.220703E-03
907   1.220703E-03
908   6.103516E-04
909   0
910   0
911   -6.103516E-04
912   0
913   -6.103516E-04
914   0
915   0
916   6.103516E-04
917   6.103516E-04
918   1.220703E-03
919   1.220703E-03
920   1.220703E-03
921   1.220703E-03
922   1.220703E-03
923   6.103516E-04
924   1.220703E-03
925   6.103516E-04
926   0
927   0
928   -6.103516E-04
929   0
930   0
931   0
932   0
933   6.103516E-04
934   6.103516E-04
935   1.220703E-03
936   1.220703E-03
937   6.103516E-04
938   1.220703E-03
939   6.103516E-04
940   6.103516E-04
941   6.103516E-04
942   0
943   0
944   0
945   -6.103516E-04
946   -6.103516E-04
947   0
948   -6.103516E-04
949   0
950   6.103516E-04
951   6.103516E-04
952   1.220703E-03
953   1.220703E-03
954   1.220703E-03
955   1.220703E-03
956   1.220703E-03
957   6.103516E-04
958   6.103516E-04
959   0
960   0
961   -6.103516E-04
962   0
963   -6.103516E-04
964   0
965   0
966   0
967   6.103516E-04
968   1.220703E-03
969   1.220703E-03
970   1.220703E-03
971   1.220703E-03
972   1.220703E-03
973   1.220703E-03
974   6.103516E-04
975   6.103516E-04
976   0
977   0
978   -6.103516E-04
979   0
980   0
981   -6.103516E-04
982   0
983   0
984   6.103516E-04
985   1.220703E-03
986   1.220703E-03
987   6.103516E-04
988   1.220703E-03
989   6.103516E-04
990   1.220703E-03
991   6.103516E-04
992   6.103516E-04
993   0
994   0
995   0
996   0
997   -6.103516E-04
998   0
999   0
1000   6.103516E-04
1001   6.103516E-04
1002   1.220703E-03
1003   1.220703E-03
1004   1.220703E-03
1005   1.220703E-03
1006   1.220703E-03
1007   6.103516E-04
1008   0
1009   6.103516E-04
1010   0
1011   0
1012   -1.220703E-03
1013   0
1014   0
1015   0
1016   6.103516E-04
1017   6.103516E-04
1018   6.103516E-04
1019   1.220703E-03
1020   1.220703E-03
1021   1.220703E-03
1022   1.220703E-03
1023   6.103516E-04
1024   6.103516E-04
1025   0
1026   6.103516E-04
1027   -6.103516E-04
1028   0
1029   0
1030   0
1031   0
1032   0
1033   0
1034   1.220703E-03
1035   6.103516E-04
1036   6.103516E-04
1037   1.220703E-03
1038   1.220703E-03
1039   6.103516E-04
1040   6.103516E-04
1041   0
1042   0
1043   0
1044   0
1045   0
1046   -6.103516E-04
1047   -6.103516E-04
1048   0
1049   0
1050   6.103516E-04
1051   6.103516E-04
1052   1.220703E-03
1053   1.220703E-03
1054   1.220703E-03
1055   1.220703E-03
1056   1.220703E-03
1057   6.103516E-04
1058   6.103516E-04
1059   -6.103516E-04
1060   0
1061   -6.103516E-04
1062   -6.103516E-04
1063   0
1064   0
1065   0
1066   6.103516E-04
1067   6.103516E-04
1068   1.220703E-03
1069   6.103516E-04
1070   1.220703E-03
1071   1.220703E-03
1072   1.220703E-03
1073   1.220703E-03
1074   6.103516E-04
1075   6.103516E-04
1076   0
1077   0
1078   -6.103516E-04
1079   0
1080   -6.103516E-04
1081   0
1082   0
1083   6.103516E-04
1084   6.103516E-04
1085   1.220703E-03
1086   6.103516E-04
1087   6.103516E-04
1088   1.220703E-03
1089   1.220703E-03
1090   1.220703E-03
1091   0
1092   0
1093   0
1094   0
1095   -6.103516E-04
1096   -6.103516E-04
1097   0
1098   -6.103516E-04
1099   6.103516E-04
1100   6.103516E-04
1101   1.220703E-03
1102   1.220703E-03
1103   1.220703E-03
1104   1.220703E-03
1105   1.220703E-03
1106   1.220703E-03
1107   6.103516E-04
1108   6.103516E-04
1109   0
1110   0
1111   -6.103516E-04
1112   -6.103516E-04
1113   0
1114   -6.103516E-04
1115   0
1116   0
1117   6.103516E-04
1118   1.220703E-03
1119   1.220703E-03
1120   1.220703E-03
1121   6.103516E-04
1122   1.220703E-03
1123   1.220703E-03
1124   6.103516E-04
1125   0
1126   6.103516E-04
1127   0
1128   -6.103516E-04
1129   0
1130   0
1131   0
1132   0
1133   6.103516E-04
1134   6.103516E-04
1135   1.220703E-03
1136   1.220703E-03
1137   1.220703E-03
1138   1.220703E-03
1139   1.220703E-03
1140   1.220703E-03
1141   0
1142   0
1143   0
1144   0
1145   -6.103516E-04
1146   -6.103516E-04
1147   0
1148   0
1149   0
1150   6.103516E-04
1151   1.220703E-03
1152   1.220703E-03
1153   1.220703E-03
1154   1.220703E-03
1155   1.220703E-03
1156   1.220703E-03
1157   6.103516E-04
1158   6.103516E-04
1159   6.103516E-04
1160   0
1161   -6.103516E-04
1162   0
1163   -6.103516E-04
1164   0
1165   0
1166   6.103516E-04
1167   6.103516E-04
1168   6.103516E-04
1169   1.220703E-03
1170   1.220703E-03
1171   1.220703E-03
1172   1.220703E-03
1173   1.220703E-03
1174   6.103516E-04
1175   0
1176   6.103516E-04
1177   0
1178   0
1179   -6.103516E-04
1180   -6.103516E-04
1181   0
1182   0
1183   6.103516E-04
1184   0
1185   1.220703E-03
1186   1.220703E-03
1187   1.220703E-03
1188   1.220703E-03
1189   1.220703E-03
1190   1.220703E-03
1191   0
1192   6.103516E-04
1193   0
1194   -6.103516E-04
1195   0
1196   -6.103516E-04
1197   0
1198   -6.103516E-04
1199   6.103516E-04
1200   6.103516E-04
1201   1.220703E-03
1202   1.220703E-03
1203   1.220703E-03
1204   1.220703E-03
1205   1.220703E-03
1206   1.220703E-03
1207   6.103516E-04
1208   6.103516E-04
1209   0
1210   -6.103516E-04
1211   0
1212   -6.103516E-04
1213   0
1214   0
1215   0
1216   6.103516E-04
1217   6.103516E-04
1218   1.220703E-03
1219   6.103516E-04
1220   1.220703E-03
1221   1.220703E-03
1222   6.103516E-04
1223   1.220703E-03
1224   6.103516E-04
1225   6.103516E-04
1226   0
1227   0
1228   -6.103516E-04
1229   0
1230   -6.103516E-04
1231   0
1232   0
1233   0
1234   1.220703E-03
1235   1.220703E-03
1236   1.220703E-03
1237   1.220703E-03
1238   1.220703E-03
1239   1.220703E-03
1240   6.103516E-04
1241   6.103516E-04
1242   0
1243   0
1244   0
1245   0
1246   0
1247   -6.103516E-04
1248   0
1249   6.103516E-04
1250   0
1251   6.103516E-04
1252   1.220703E-03
1253   1.220703E-03
1254   1.220703E-03
1255   1.220703E-03
1256   1.831055E-03
1257   6.103516E-04
1258   0
1259   6.103516E-04
1260   0
1261   -6.103516E-04
1262   0
1263   -6.103516E-04
1264   0
1265   0
1266   6.103516E-04
1267   6.103516E-04
1268   6.103516E-04
1269   1.220703E-03
1270   1.220703E-03
1271   1.220703E-03
1272   1.220703E-03
1273   1.220703E-03
1274   6.103516E-04
1275   6.103516E-04
1276   0
1277   0
1278   -6.103516E-04
1279   -6.103516E-04
1280   0
1281   0
1282   0
1283   6.103516E-04
1284   6.103516E-04
1285   1.220703E-03
1286   1.831055E-03
1287   6.103516E-04
1288   1.220703E-03
1289   1.220703E-03
1290   1.220703E-03
1291   6.103516E-04
1292   6.103516E-04
1293   0
1294   -6.103516E-04
1295   0
1296   -6.103516E-04
1297   0
1298   -6.103516E-04
1299   6.103516E-04
1300   6.103516E-04
1301   6.103516E-04
1302   1.220703E-03
1303   1.220703E-03
1304   1.220703E-03
1305   1.220703E-03
1306   6.103516E-04
1307   6.103516E-04
1308   0
1309   6.103516E-04
1310   0
1311   -6.103516E-04
1312   -6.103516E-04
1313   0
1314   0
1315   0
1316   0
1317   6.103516E-04
1318   1.220703E-03
1319   6.103516E-04
1320   1.220703E-03
1321   1.220703E-03
1322   6.103516E-04
1323   1.220703E-03
1324   6.103516E-04
1325   0
1326   6.103516E-04
1327   0
1328   0
1329   0
1330   0
1331   0
1332   6.103516E-04
1333   6.103516E-04
1334   6.103516E-04
1335   1.220703E-03
1336   1.220703E-03
1337   1.220703E-03
1338   1.220703E-03
1339   1.220703E-03
1340   6.103516E-04
1341   6.103516E-04
1342   6.103516E-04
1343   0
1344   0
1345   0
1346   0
1347   0
1348   0
1349   6.103516E-04
1350   6.103516E-04
1351   6.103516E-04
1352   6.103516E-04
1353   1.220703E-03
1354   1.220703E-03
1355   6.103516E-04
1356   1.220703E-03
1357   1.220703E-03
1358   0
1359   0
1360   0
1361   0
1362   0
1363   0
1364   0
1365   0
1366   6.103516E-04
1367   6.103516E-04
1368   6.103516E-04
1369   1.220703E-03
1370   1.220703E-03
1371   1.220703E-03
1372   6.103516E-04
1373   6.103516E-04
1374   1.220703E-03
1375   6.103516E-04
1376   0
1377   0
1378   0
1379   0
1380   0
1381   0
1382   6.103516E-04
1383   0
1384   6.103516E-04
1385   1.220703E-03
1386   6.103516E-04
1387   1.220703E-03
1388   1.220703E-03
1389   6.103516E-04
1390   6.103516E-04
1391   6.103516E-04
1392   6.103516E-04
1393   0
1394   0
1395   -6.103516E-04
1396   0
1397   0
1398   0
1399   6.103516E-04
1400   6.103516E-04
1401   6.103516E-04
1402   1.220703E-03
1403   1.220703E-03
1404   1.220703E-03
1405   6.103516E-04
1406   1.220703E-03
1407   6.103516E-04
1408   6.103516E-04
1409   0
1410   0
1411   0
1412   0
1413   0
1414   0
1415   0
1416   0
1417   6.103516E-04
1418   1.220703E-03
1419   1.220703E-03
1420   6.103516E-04
1421   1.220703E-03
1422   1.220703E-03
1423   6.103516E-04
1424   6.103516E-04
1425   0
1426   0
1427   0
1428   0
1429   -6.103516E-04
1430   0
1431   0
1432   0
1433   6.103516E-04
1434   0
1435   1.220703E-03
1436   1.220703E-03
1437   1.220703E-03
1438   6.103516E-04
1439   1.220703E-03
1440   6.103516E-04
1441   6.103516E-04
1442   6.103516E-04
1443   0
1444   0
1445   0
1446   0
1447   0
1448   0
1449   6.103516E-04
1450   6.103516E-04
1451   6.103516E-04
1452   1.220703E-03
1453   1.220703E-03
1454   1.220703E-03
1455   1.220703E-03
1456   1.220703E-03
1457   6.103516E-04
1458   6.103516E-04
1459   6.103516E-04
1460   0
1461   -6.103516E-04
1462   0
1463   0
1464   -6.103516E-04
1465   0
1466   6.103516E-04
1467   0
1468   6.103516E-04
1469   1.220703E-03
1470   1.220703E-03
1471   1.220703E-03
1472   1.220703E-03
1473   1.220703E-03
1474   0
1475   0
1476   0
1477   0
1478   -6.103516E-04
1479   0
1480   0
1481   0
1482   0
1483   6.103516E-04
1484   0
1485   1.220703E-03
1486   1.220703E-03
1487   1.220703E-03
1488   6.103516E-04
1489   1.220703E-03
1490   1.220703E-03
1491   6.103516E-04
1492   6.103516E-04
1493   0
1494   0
1495   0
1496   0
1497   0
1498   0
1499   6.103516E-04
1500   6.103516E-04
1501   6.103516E-04
1502   1.220703E-03
1503   1.220703E-03
1504   1.220703E-03
1505   1.220703E-03
1506   1.220703E-03
1507   6.103516E-04
1508   0
1509   6.103516E-04
1510   0
1511   0
1512   -6.103516E-04
1513   0
1514   0
1515   0
1516   6.103516E-04
1517   6.103516E-04
1518   6.103516E-04
1519   1.220703E-03
1520   1.220703E-03
1521   6.103516E-04
1522   1.220703E-03
1523   1.220703E-03
1524   0
1525   6.103516E-04
1526   0
1527   0
1528   -6.103516E-04
1529   0
1530   0
1531   0
1532   6.103516E-04
1533   6.103516E-04
1534   0
1535   1.220703E-03
1536   1.220703E-03
1537   1.220703E-03
1538   6.103516E-04
1539   1.220703E-03
1540   1.220703E-03
1541   6.103516E-04
1542   0
1543   0
1544   0
1545   -6.103516E-04
1546   0
1547   0
1548   -6.103516E-04
1549   0
1550   6.103516E-04
1551   6.103516E-04
1552   1.220703E-03
1553   1.220703E-03
1554   1.220703E-03
1555   6.103516E-04
1556   1.220703E-03
1557   6.103516E-04
1558   6.103516E-04
1559   6.103516E-04
1560   0
1561   0
1562   0
1563   -6.103516E-04
1564   0
1565   0
1566   6.103516E-04
1567   6.103516E-04
1568   6.103516E-04
1569   1.220703E-03
1570   6.103516E-04
1571   1.220703E-03
1572   1.220703E-03
1573   1.220703E-03
1574   6.103516E-04
1575   6.103516E-04
1576   0
1577   0
1578   0
1579   0
1580   0
1581   0
1582   0
1583   6.103516E-04
1584   6.103516E-04
1585   6.103516E-04
1586   6.103516E-04
1587   1.220703E-03
1588   1.220703E-03
1589   6.103516E-04
1590   1.220703E-03
1591   6.103516E-04
1592   0
1593   0
1594   0
1595   0
1596   0
1597   0
1598   0
1599   6.103516E-04
1600   6.103516E-04
1601   6.103516E-04
1602   1.220703E-03
1603   6.103516E-04
1604   1.220703E-03
1605   1.220703E-03
1606   6.103516E-04
1607   6.103516E-04
1608   6.103516E-04
1609   0
1610   0
1611   0
1612   -6.103516E-04
1613   0
1614   0
1615   0
1616   6.103516E-04
1617   6.103516E-04
1618   6.103516E-04
1619   6.103516E-04
1620   1.220703E-03
1621   1.220703E-03
1622   1.220703E-03
1623   1.220703E-03
1624   0
1625   6.103516E-04
1626   0
1627   0
1628   0
1629   0
1630   0
1631   0
1632   0
1633   6.103516E-04
1634   0
1635   1.220703E-03
1636   1.220703E-03
1637   1.220703E-03
1638   1.220703E-03
1639   1.220703E-03
1640   6.103516E-04
1641   6.103516E-04
1642   6.103516E-04
1643   0
1644   0
1645   0
1646   0
1647   0
1648   0
1649   6.103516E-04
1650   0
1651   6.103516E-04
1652   1.220703E-03
1653   1.220703E-03
1654   1.220703E-03
1655   1.220703E-03
1656   6.103516E-04
1657   6.103516E-04
1658   6.103516E-04
1659   6.103516E-04
1660   0
1661   -6.103516E-04
1662   0
1663   0
1664   0
1665   0
1666   6.103516E-04
1667   6.103516E-04
1668   6.103516E-04
1669   1.220703E-03
1670   1.220703E-03
1671   1.220703E-03
1672   1.220703E-03
1673   1.220703E-03
1674   6.103516E-04
1675   0
1676   0
1677   0
1678   0
1679   0
1680   0
1681   0
1682   0
1683   6.103516E-04
1684   6.103516E-04
1685   1.220703E-03
1686   6.103516E-04
1687   1.220703E-03
1688   1.220703E-03
1689   1.220703E-03
1690   1.220703E-03
1691   0
1692   0
1693   0
1694   0
1695   0
1696   0
1697   0
1698   0
1699   6.103516E-04
1700   6.103516E-04
1701   6.103516E-04
1702   1.220703E-03
1703   1.220703E-03
1704   6.103516E-04
1705   1.220703E-03
1706   6.103516E-04
1707   6.103516E-04
1708   6.103516E-04
1709   6.103516E-04
1710   0
1711   0
1712   0
1713   0
1714   0
1715   0
1716   6.103516E-04
1717   6.103516E-04
1718   6.103516E-04
1719   1.220703E-03
1720   1.220703E-03
1721   6.103516E-04
1722   1.220703E-03
1723   1.220703E-03
1724   0
1725   0
1726   0
1727   0
1728   0
1729   0
1730   0
1731   0
1732   0
1733   6.103516E-04
1734   6.103516E-04
1735   1.220703E-03
1736   6.103516E-04
1737   1.220703E-03
1738   1.220703E-03
1739   6.103516E-04
1740   6.103516E-04
1741   6.103516E-04
1742   6.103516E-04
1743   0
1744   -6.103516E-04
1745   0
1746   -6.103516E-04
1747   0
1748   0
1749   6.103516E-04
1750   6.103516E-04
1751   6.103516E-04
1752   1.220703E-03
1753   1.220703E-03
1754   6.103516E-04
1755   6.103516E-04
1756   6.103516E-04
1757   1.220703E-03
1758   0
1759   6.103516E-04
1760   0
1761   -6.103516E-04
1762   0
1763   0
1764   0
1765   0
1766   6.103516E-04
1767   6.103516E-04
1768   6.103516E-04
1769   1.220703E-03
1770   6.103516E-04
1771   1.220703E-03
1772   6.103516E-04
1773   6.103516E-04
1774   6.103516E-04
1775   6.103516E-04
1776   0
1777   0
1778   0
1779   0
1780   0
1781   0
1782   0
1783   6.103516E-04
1784   6.103516E-04
1785   6.103516E-04
1786   1.220703E-03
1787   1.220703E-03
1788   6.103516E-04
1789   1.220703E-03
1790   6.103516E-04
1791   0
1792   0
1793   0
1794   0
1795   0
1796   0
1797   0
1798   -6.103516E-04
1799   0
1800   6.103516E-04
1801   6.103516E-04
1802   6.103516E-04
1803   1.220703E-03
1804   1.220703E-03
1805   6.103516E-04
1806   6.103516E-04
1807   6.103516E-04
1808   0
1809   0
1810   0
1811   0
1812   -6.103516E-04
1813   0
1814   0
1815   0
1816   6.103516E-04
1817   1.220703E-03
1818   6.103516E-04
1819   6.103516E-04
1820   1.220703E-03
1821   1.220703E-03
1822   6.103516E-04
1823   6.103516E-04
1824   6.103516E-04
1825   0
1826   0
1827   0
1828   0
1829   -6.103516E-04
1830   0
1831   0
1832   6.103516E-04
1833   6.103516E-04
1834   0
1835   6.103516E-04
1836   1.220703E-03
1837   6.103516E-04
1838   1.220703E-03
1839   1.220703E-03
1840   6.103516E-04
1841   6.103516E-04
1842   6.103516E-04
1843   0
1844   0
1845   0
1846   0
1847   0
1848   0
1849   6.103516E-04
1850   6.103516E-04
1851   6.103516E-04
1852   1.220703E-03
1853   1.220703E-03
1854   1.220703E-03
1855   1.220703E-03
1856   1.220703E-03
1857   0
1858   6.103516E-04
1859   6.103516E-04
1860   -6.103516E-04
1861   -6.103516E-04
1862   0
1863   0
1864   0
1865   0
1866   6.103516E-04
1867   6.103516E-04
1868   6.103516E-04
1869   1.220703E-03
1870   1.220703E-03
1871   1.220703E-03
1872   1.220703E-03
1873   1.220703E-03
1874   0
1875   6.103516E-04
1876   0
1877   0
1878   -6.103516E-04
1879   0
1880   0
1881   -6.103516E-04
1882   6.103516E-04
1883   6.103516E-04
1884   6.103516E-04
1885   6.103516E-04
1886   6.103516E-04
1887   6.103516E-04
1888   1.220703E-03
1889   1.220703E-03
1890   6.103516E-04
1891   0
1892   6.103516E-04
1893   0
1894   -6.103516E-04
1895   0
1896   -6.103516E-04
1897   -6.103516E-04
1898   0
1899   6.103516E-04
1900   6.103516E-04
1901   6.103516E-04
1902   6.103516E-04
1903   1.220703E-03
1904   6.103516E-04
1905   1.220703E-03
1906   1.220703E-03
1907   1.220703E-03
1908   6.103516E-04
1909   6.103516E-04
1910   0
1911   0
1912   0
1913   0
1914   -6.103516E-04
1915   0
1916   6.103516E-04
1917   6.103516E-04
1918   1.220703E-03
1919   1.220703E-03
1920   1.220703E-03
1921   1.220703E-03
1922   1.220703E-03
1923   1.220703E-03
1924   6.103516E-04
1925   0
1926   0
1927   0
1928   0
1929   0
1930   -6.103516E-04
1931   0
1932   6.103516E-04
1933   6.103516E-04
1934   6.103516E-04
1935   1.220703E-03
1936   1.220703E-03
1937   1.220703E-03
1938   1.220703E-03
1939   1.220703E-03
1940   6.103516E-04
1941   6.103516E-04
1942   6.103516E-04
1943   0
1944   0
1945   0
1946   -6.103516E-04
1947   0
1948   0
1949   6.103516E-04
1950   6.103516E-04
1951   6.103516E-04
1952   1.220703E-03
1953   1.220703E-03
1954   1.220703E-03
1955   1.220703E-03
1956   1.220703E-03
1957   6.103516E-04
1958   0
1959   6.103516E-04
1960   -6.103516E-04
1961   -6.103516E-04
1962   0
1963   0
1964   0
1965   0
1966   6.103516E-04
1967   6.103516E-04
1968   6.103516E-04
1969   1.220703E-03
1970   1.220703E-03
1971   6.103516E-04
1972   1.220703E-03
1973   1.220703E-03
1974   0
1975   6.103516E-04
1976   0
1977   0
1978   0
1979   0
1980   0
1981   0
1982   6.103516E-04
1983   0
1984   6.103516E-04
1985   1.220703E-03
1986   1.220703E-03
1987   1.220703E-03
1988   1.220703E-03
1989   1.220703E-03
1990   6.103516E-04
1991   0
1992   6.103516E-04
1993   0
1994   0
1995   0
1996   0
1997   -6.103516E-04
1998   0
1999   6.103516E-04
2000   6.103516E-04
2001   6.103516E-04
2002   1.220703E-03
2003   1.220703E-03
2004   1.220703E-03
2005   1.220703E-03
2006   1.220703E-03
2007   0
2008   0
2009   0
2010   0
2011   0
2012   0
2013   0
2014   0
2015   6.103516E-04
2016   0
2017   6.103516E-04
2018   6.103516E-04
2019   1.220703E-03
2020   1.220703E-03
2021   6.103516E-04
2022   1.220703E-03
2023   1.220703E-03
2024   0
2025   0
2026   0
2027   0
2028   -6.103516E-04
2029   0
2030   0
2031   0
2032   6.103516E-04
2033   6.103516E-04
2034   6.103516E-04
2035   6.103516E-04
2036   1.220703E-03
2037   1.220703E-03
2038   1.220703E-03
2039   1.220703E-03
2040   6.103516E-04
2041   6.103516E-04
2042   0
2043   0
2044   0
2045   -6.103516E-04
2046   -6.103516E-04
2047   0
2048   0
2049   6.103516E-04
2050   6.103516E-04
2051   1.220703E-03
2052   1.220703E-03
2053   1.220703E-03
2054   1.220703E-03
2055   1.220703E-03
2056   1.220703E-03
2057   6.103516E-04
2058   0
2059   6.103516E-04
2060   0
2061   0
2062   -6.103516E-04
2063   0
2064   0
2065   6.103516E-04
2066   6.103516E-04
2067   6.103516E-04
2068   1.220703E-03
2069   1.220703E-03
2070   6.103516E-04
2071   1.220703E-03
2072   1.220703E-03
2073   1.220703E-03
2074   0
2075   6.103516E-04
2076   0
2077   0
2078   0
2079   0
2080   0
2081   0
2082   6.103516E-04
2083   6.103516E-04
2084   6.103516E-04
2085   1.220703E-03
2086   1.220703E-03
2087   6.103516E-04
2088   1.220703E-03
2089   1.220703E-03
2090   6.103516E-04
2091   1.220703E-03
2092   0
2093   0
2094   0
2095   0
2096   -6.103516E-04
2097   0
2098   0
2099   6.103516E-04
2100   0
2101   1.220703E-03
2102   1.220703E-03
2103   6.103516E-04
2104   1.220703E-03
2105   1.220703E-03
2106   6.103516E-04
2107   6.103516E-04
2108   0
2109   6.103516E-04
2110   0
2111   0
2112   0
2113   0
2114   0
2115   0
2116   6.103516E-04
2117   6.103516E-04
2118   1.220703E-03
2119   1.220703E-03
2120   1.220703E-03
2121   6.103516E-04
2122   1.220703E-03
2123   6.103516E-04
2124   6.103516E-04
2125   6.103516E-04
2126   0
2127   -6.103516E-04
2128   0
2129   -6.103516E-04
2130   0
2131   0
2132   6.103516E-04
2133   0
2134   1.220703E-03
2135   1.220703E-03
2136   6.103516E-04
2137   1.220703E-03
2138   6.103516E-04
2139   6.103516E-04
2140   6.103516E-04
2141   6.103516E-04
2142   6.103516E-04
2143   0
2144   0
2145   0
2146   0
2147   0
2148   0
2149   6.103516E-04
2150   6.103516E-04
2151   6.103516E-04
2152   1.220703E-03
2153   1.220703E-03
2154   1.220703E-03
2155   1.220703E-03
2156   1.220703E-03
2157   0
2158   6.103516E-04
2159   0
2160   0
2161   0
2162   0
2163   -6.103516E-04
2164   0
2165   6.103516E-04
2166   6.103516E-04
2167   6.103516E-04
2168   1.220703E-03
2169   1.220703E-03
2170   1.220703E-03
2171   1.220703E-03
2172   6.103516E-04
2173   1.220703E-03
2174   6.103516E-04
2175   0
2176   0
2177   0
2178   0
2179   -6.103516E-04
2180   0
2181   0
2182   0
2183   6.103516E-04
2184   6.103516E-04
2185   6.103516E-04
2186   1.220703E-03
2187   1.220703E-03
2188   6.103516E-04
2189   6.103516E-04
2190   6.103516E-04
2191   0
2192   6.103516E-04
2193   0
2194   0
2195   -6.103516E-04
2196   0
2197   0
2198   0
2199   6.103516E-04
2200   6.103516E-04
2201   6.103516E-04
2202   1.220703E-03
2203   1.220703E-03
2204   1.220703E-03
2205   1.220703E-03
2206   6.103516E-04
2207   0
2208   0
2209   6.103516E-04
2210   0
2211   -6.103516E-04
2212   0
2213   0
2214   0
2215   0
2216   6.103516E-04
2217   6.103516E-04
2218   1.220703E-03
2219   1.220703E-03
2220   1.220703E-03
2221   6.103516E-04
2222   1.220703E-03
2223   6.103516E-04
2224   0
2225   6.103516E-04
2226   0
2227   0
2228   0
2229   0
2230   0
2231   0
2232   0
2233   6.103516E-04
2234   6.103516E-04
2235   1.220703E-03
2236   1.220703E-03
2237   1.220703E-03
2238   1.220703E-03
2239   6.103516E-04
2240   6.103516E-04
2241   0
2242   0
2243   0
2244   0
2245   -6.103516E-04
2246   0
2247   0
2248   0
2249   6.103516E-04
2250   6.103516E-04
2251   6.103516E-04
2252   1.220703E-03
2253   1.220703E-03
2254   6.103516E-04
2255   1.220703E-03
2256   6.103516E-04
2257   0
2258   6.103516E-04
2259   0
2260   0
2261   0
2262   0
2263   0
2264   0
2265   6.103516E-04
2266   6.103516E-04
2267   6.103516E-04
2268   1.220703E-03
2269   1.220703E-03
2270   6.103516E-04
2271   6.103516E-04
2272   6.103516E-04
2273   1.220703E-03
2274   6.103516E-04
2275   0
2276   0
2277   0
2278   0
2279   0
2280   0
2281   0
2282   6.103516E-04
2283   6.103516E-04
2284   6.103516E-04
2285   6.103516E-04
2286   6.103516E-04
2287   1.220703E-03
2288   1.220703E-03
2289   6.103516E-04
2290   1.220703E-03
2291   6.103516E-04
2292   0
2293   0
2294   0
2295   0
2296   0
2297   0
2298   0
2299   6.103516E-04
2300   6.103516E-04
2301   6.103516E-04
2302   1.220703E-03
2303   1.220703E-03
2304   6.103516E-04
2305   1.220703E-03
2306   6.103516E-04
2307   6.103516E-04
2308   6.103516E-04
2309   0
2310   0
2311   0
2312   0
2313   0
2314   0
2315   6.103516E-04
2316   6.103516E-04
2317   6.103516E-04
2318   6.103516E-04
2319   6.103516E-04
2320   1.220703E-03
2321   1.220703E-03
2322   6.103516E-04
2323   1.220703E-03
2324   0
2325   0
2326   0
2327   0
2328   0
2329   0
2330   0
2331   0
2332   6.103516E-04
2333   6.103516E-04
2334   1.220703E-03
2335   1.220703E-03
2336   6.103516E-04
2337   1.220703E-03
2338   1.220703E-03
2339   6.103516E-04
2340   6.103516E-04
2341   6.103516E-04
2342   0
2343   0
2344   0
2345   0
2346   0
2347   0
2348   0
2349   6.103516E-04
2350   6.103516E-04
2351   6.103516E-04
2352   6.103516E-04
2353   6.103516E-04
2354   1.220703E-03
2355   1.220703E-03
2356   6.103516E-04
2357   6.103516E-04
2358   0
2359   0
2360   0
2361   -6.103516E-04
2362   0
2363   0
2364   0
2365   6.103516E-04
2366   6.103516E-04
2367   6.103516E-04
2368   6.103516E-04
2369   6.103516E-04
2370   1.220703E-03
2371   6.103516E-04
2372   6.103516E-04
2373   6.103516E-04
2374   6.103516E-04
2375   0
2376   0
2377   0
2378   0
2379   0
2380   0
2381   0
2382   0
2383   6.103516E-04
2384   6.103516E-04
2385   6.103516E-04
2386   1.220703E-03
2387   1.220703E-03
2388   6.103516E-04
2389   1.220703E-03
2390   6.103516E-04
2391   0
2392   0
2393   0
2394   0
2395   -6.103516E-04
2396   0
2397   0
2398   0
2399   1.220703E-03
2400   0
2401   6.103516E-04
2402   1.220703E-03
2403   1.220703E-03
2404   1.220703E-03
2405   1.220703E-03
2406   1.220703E-03
2407   6.103516E-04
2408   6.103516E-04
2409   0
2410   0
2411   0
2412   0
2413   0
2414   0
2415   0
2416   6.103516E-04
2417   6.103516E-04
2418   6.103516E-04
2419   1.220703E-03
2420   1.220703E-03
2421   6.103516E-04
2422   6.103516E-04
2423   1.220703E-03
2424   6.103516E-04
2425   0
2426   0
2427   0
2428   0
2429   0
2430   0
2431   -6.103516E-04
2432   6.103516E-04
2433   6.103516E-04
2434   6.103516E-04
2435   6.103516E-04
2436   1.220703E-03
2437   1.220703E-03
2438   6.103516E-04
2439   1.220703E-03
2440   6.103516E-04
2441   0
2442   0
2443   0
2444   0
2445   0
2446   0
2447   0
2448   0
2449   6.103516E-04
2450   0
2451   0
2452   1.220703E-03
2453   1.220703E-03
2454   6.103516E-04
2455   1.220703E-03
2456   1.220703E-03
2457   6.103516E-04
2458   0
2459   0
2460   0
2461   0
2462   0
2463   0
2464   0
2465   6.103516E-04
2466   6.103516E-04
2467   6.103516E-04
2468   1.220703E-03
2469   1.220703E-03
2470   6.103516E-04
2471   6.103516E-04
2472   1.220703E-03
2473   1.220703E-03
2474   6.103516E-04
2475   0
2476   0
2477   0
2478   0
2479   0
2480   0
2481   0
2482   0
2483   6.103516E-04
2484   6.103516E-04
2485   6.103516E-04
2486   6.103516E-04
2487   1.220703E-03
2488   6.103516E-04
2489   1.220703E-03
2490   6.103516E-04
2491   0
2492   0
2493   0
2494   0
2495   0
2496   -6.103516E-04
2497   0
2498   0
2499   6.103516E-04
2500   6.103516E-04
2501   1.220703E-03
2502   1.220703E-03
2503   6.103516E-04
2504   1.220703E-03
2505   1.220703E-03
2506   6.103516E-04
2507   6.103516E-04
2508   0
2509   0
2510   0
2511   0
2512   -6.103516E-04
2513   0
2514   -6.103516E-04
2515   6.103516E-04
2516   6.103516E-04
2517   6.103516E-04
2518   1.220703E-03
2519   6.103516E-04
2520   6.103516E-04
2521   1.220703E-03
2522   1.220703E-03
2523   6.103516E-04
2524   6.103516E-04
2525   0
2526   0
2527   0
2528   0
2529   -6.103516E-04
2530   0
2531   0
2532   6.103516E-04
2533   6.103516E-04
2534   6.103516E-04
2535   1.220703E-03
2536   1.220703E-03
2537   6.103516E-04
2538   1.220703E-03
2539   1.220703E-03
2540   6.103516E-04
2541   0
2542   6.103516E-04
2543   0
2544   0
2545   0
2546   -6.103516E-04
2547   0
2548   0
2549   6.103516E-04
2550   6.103516E-04
2551   1.220703E-03
2552   1.220703E-03
2553   1.220703E-03
2554   6.103516E-04
2555   1.220703E-03
2556   1.220703E-03
2557   0
2558   6.103516E-04
2559   0
2560   -6.103516E-04
2561   -6.103516E-04
2562   0
2563   0
2564   0
2565   0
2566   6.103516E-04
2567   6.103516E-04
2568   6.103516E-04
2569   1.220703E-03
2570   1.220703E-03
2571   1.220703E-03
2572   1.220703E-03
2573   1.220703E-03
2574   0
2575   6.103516E-04
2576   0
2577   0
2578   -6.103516E-04
2579   -6.103516E-04
2580   0
2581   0
2582   0
2583   6.103516E-04
2584   6.103516E-04
2585   6.103516E-04
2586   1.220703E-03
2587   1.220703E-03
2588   1.220703E-03
2589   6.103516E-04
2590   6.103516E-04
2591   6.103516E-04
2592   0
2593   -6.103516E-04
2594   0
2595   0
2596   0
2597   0
2598   0
2599   0
2600   6.103516E-04
2601   1.220703E-03
2602   1.220703E-03
2603   6.103516E-04
2604   1.220703E-03
2605   1.220703E-03
2606   6.103516E-04
2607   0
2608   0
2609   0
2610   -6.103516E-04
2611   0
2612   0
2613   0
2614   0
2615   0
2616   6.103516E-04
2617   6.103516E-04
2618   1.220703E-03
2619   6.103516E-04
2620   1.220703E-03
2621   1.220703E-03
2622   6.103516E-04
2623   6.103516E-04
2624   0
2625   6.103516E-04
2626   0
2627   0
2628   0
2629   0
2630   0
2631   0
2632   0
2633   6.103516E-04
2634   6.103516E-04
2635   1.220703E-03
2636   1.220703E-03
2637   1.220703E-03
2638   1.220703E-03
2639   1.220703E-03
2640   6.103516E-04
2641   -6.103516E-04
2642   6.103516E-04
2643   0
2644   -6.103516E-04
2645   0
2646   0
2647   0
2648   0
2649   0
2650   6.103516E-04
2651   6.103516E-04
2652   1.220703E-03
2653   6.103516E-04
2654   1.220703E-03
2655   6.103516E-04
2656   6.103516E-04
2657   6.103516E-04
2658   6.103516E-04
2659   0
2660   0
2661   0
2662   0
2663   0
2664   0
2665   0
2666   6.103516E-04
2667   6.103516E-04
2668   1.220703E-03
2669   6.103516E-04
2670   1.220703E-03
2671   1.220703E-03
2672   1.220703E-03
2673   6.103516E-04
2674   0
2675   6.103516E-04
2676   0
2677   -6.103516E-04
2678   0
2679   0
2680   0
2681   0
2682   6.103516E-04
2683   6.103516E-04
2684   6.103516E-04
2685   1.220703E-03
2686   6.103516E-04
2687   6.103516E-04
2688   1.220703E-03
2689   1.220703E-03
2690   6.103516E-04
2691   6.103516E-04
2692   0
2693   0
2694   0
2695   0
2696   0
2697   0
2698   0
2699   6.103516E-04
2700   6.103516E-04
2701   6.103516E-04
2702   1.220703E-03
2703   1.220703E-03
2704   6.103516E-04
2705   6.103516E-04
2706   6.103516E-04
2707   0
2708   0
2709   0
2710   0
2711   -6.103516E-04
2712   -6.103516E-04
2713   0
2714   0
2715   0
2716   0
2717   6.103516E-04
2718   6.103516E-04
2719   6.103516E-04
2720   1.220703E-03
2721   1.220703E-03
2722   6.103516E-04
2723   6.103516E-04
2724   6.103516E-04
2725   0
2726   0
2727   0
2728   0
2729   0
2730   0
2731   0
2732   0
2733   6.103516E-04
2734   1.220703E-03
2735   6.103516E-04
2736   0
2737   1.220703E-03
2738   1.220703E-03
2739   1.220703E-03
2740   6.103516E-04
2741   6.103516E-04
2742   6.103516E-04
2743   0
2744   0
2745   0
2746   0
2747   0
2748   0
2749   0
2750   6.103516E-04
2751   6.103516E-04
2752   1.220703E-03
2753   1.220703E-03
2754   6.103516E-04
2755   1.220703E-03
2756   6.103516E-04
2757   0
2758   0
2759   0
2760   0
2761   0
2762   0
2763   0
2764   0
2765   0
2766   0
2767   1.220703E-03
2768   6.103516E-04
2769   6.103516E-04
2770   6.103516E-04
2771   1.220703E-03
2772   1.220703E-03
2773   0
2774   0
2775   6.103516E-04
2776   0
2777   0
2778   0
2779   6.103516E-04
2780   0
2781   0
2782   6.103516E-04
2783   6.103516E-04
2784   6.103516E-04
2785   1.220703E-03
2786   1.220703E-03
2787   1.220703E-03
2788   1.220703E-03
2789   1.220703E-03
2790   6.103516E-04
2791   0
2792   6.103516E-04
2793   0
2794   0
2795   0
2796   0
2797   0
2798   0
2799   6.103516E-04
2800   6.103516E-04
2801   6.103516E-04
2802   1.220703E-03
2803   1.220703E-03
2804   1.220703E-03
2805   1.220703E-03
2806   1.220703E-03
2807   6.103516E-04
2808   0
2809   0
2810   0
2811   -6.103516E-04
2812   0
2813   6.103516E-04
2814   0
2815   0
0   0
