-256   7.324219E-03
-255   7.324219E-03
-254   7.324219E-03
-253   7.324219E-03
-252   7.93457E-03
-251   7.93457E-03
-250   7.93457E-03
-249   7.93457E-03
-248   8.544922E-03
-247   8.544922E-03
-246   9.155273E-03
-245   9.155273E-03
-244   9.155273E-03
-243   8.544922E-03
-242   7.93457E-03
-241   7.93457E-03
-240   7.93457E-03
-239   7.324219E-03
-238   7.324219E-03
-237   7.324219E-03
-236   7.324219E-03
-235   7.324219E-03
-234   7.324219E-03
-233   7.93457E-03
-232   8.544922E-03
-231   8.544922E-03
-230   8.544922E-03
-229   9.155273E-03
-228   8.544922E-03
-227   8.544922E-03
-226   8.544922E-03
-225   7.93457E-03
-224   7.324219E-03
-223   7.324219E-03
-222   7.324219E-03
-221   7.324219E-03
-220   7.324219E-03
-219   6.713867E-03
-218   7.324219E-03
-217   7.93457E-03
-216   7.93457E-03
-215   8.544922E-03
-214   8.544922E-03
-213   8.544922E-03
-212   8.544922E-03
-211   8.544922E-03
-210   8.544922E-03
-209   7.324219E-03
-208   7.93457E-03
-207   7.324219E-03
-206   6.713867E-03
-205   6.713867E-03
-204   6.713867E-03
-203   7.324219E-03
-202   6.713867E-03
-201   7.324219E-03
-200   7.93457E-03
-199   7.93457E-03
-198   8.544922E-03
-197   7.93457E-03
-196   8.544922E-03
-195   7.93457E-03
-194   7.324219E-03
-193   8.544922E-03
-192   7.93457E-03
-191   6.713867E-03
-190   7.324219E-03
-189   6.713867E-03
-188   6.713867E-03
-187   6.713867E-03
-186   6.713867E-03
-185   6.713867E-03
-184   7.93457E-03
-183   7.93457E-03
-182   7.93457E-03
-181   7.93457E-03
-180   8.544922E-03
-179   8.544922E-03
-178   8.544922E-03
-177   7.93457E-03
-176   7.93457E-03
-175   7.93457E-03
-174   7.324219E-03
-173   6.713867E-03
-172   7.324219E-03
-171   6.713867E-03
-170   6.713867E-03
-169   6.713867E-03
-168   7.324219E-03
-167   7.324219E-03
-166   7.324219E-03
-165   7.93457E-03
-164   8.544922E-03
-163   7.93457E-03
-162   8.544922E-03
-161   8.544922E-03
-160   7.93457E-03
-159   7.93457E-03
-158   7.324219E-03
-157   7.324219E-03
-156   6.713867E-03
-155   6.103516E-03
-154   6.713867E-03
-153   6.713867E-03
-152   6.713867E-03
-151   6.713867E-03
-150   7.93457E-03
-149   7.93457E-03
-148   7.93457E-03
-147   7.93457E-03
-146   7.93457E-03
-145   7.93457E-03
-144   7.93457E-03
-143   7.93457E-03
-142   7.324219E-03
-141   7.324219E-03
-140   6.713867E-03
-139   6.103516E-03
-138   6.713867E-03
-137   6.103516E-03
-136   6.713867E-03
-135   6.713867E-03
-134   6.713867E-03
-133   7.324219E-03
-132   7.324219E-03
-131   7.324219E-03
-130   7.93457E-03
-129   7.93457E-03
-128   7.93457E-03
-127   7.93457E-03
-126   7.93457E-03
-125   7.324219E-03
-124   6.713867E-03
-123   6.713867E-03
-122   6.713867E-03
-121   6.713867E-03
-120   6.713867E-03
-119   6.713867E-03
-118   6.713867E-03
-117   7.324219E-03
-116   7.93457E-03
-115   7.93457E-03
-114   8.544922E-03
-113   8.544922E-03
-112   8.544922E-03
-111   7.93457E-03
-110   8.544922E-03
-109   7.93457E-03
-108   7.93457E-03
-107   7.324219E-03
-106   7.324219E-03
-105   7.324219E-03
-104   6.713867E-03
-103   7.324219E-03
-102   7.324219E-03
-101   7.324219E-03
-100   7.93457E-03
-99   7.93457E-03
-98   7.93457E-03
-97   8.544922E-03
-96   9.155273E-03
-95   8.544922E-03
-94   8.544922E-03
-93   8.544922E-03
-92   7.93457E-03
-91   7.324219E-03
-90   7.324219E-03
-89   7.324219E-03
-88   7.324219E-03
-87   7.324219E-03
-86   7.324219E-03
-85   7.324219E-03
-84   7.324219E-03
-83   7.93457E-03
-82   7.93457E-03
-81   8.544922E-03
-80   8.544922E-03
-79   8.544922E-03
-78   8.544922E-03
-77   8.544922E-03
-76   8.544922E-03
-75   7.93457E-03
-74   7.324219E-03
-73   7.93457E-03
-72   7.324219E-03
-71   6.713867E-03
-70   6.713867E-03
-69   7.324219E-03
-68   7.324219E-03
-67   7.93457E-03
-66   7.93457E-03
-65   7.93457E-03
-64   8.544922E-03
-63   8.544922E-03
-62   8.544922E-03
-61   8.544922E-03
-60   8.544922E-03
-59   7.93457E-03
-58   7.93457E-03
-57   7.93457E-03
-56   7.324219E-03
-55   7.324219E-03
-54   7.324219E-03
-53   6.713867E-03
-52   7.324219E-03
-51   7.324219E-03
-50   7.93457E-03
-49   8.544922E-03
-48   8.544922E-03
-47   9.155273E-03
-46   9.155273E-03
-45   8.544922E-03
-44   8.544922E-03
-43   8.544922E-03
-42   7.93457E-03
-41   7.93457E-03
-40   7.93457E-03
-39   7.324219E-03
-38   7.324219E-03
-37   7.324219E-03
-36   7.324219E-03
-35   7.93457E-03
-34   7.93457E-03
-33   8.544922E-03
-32   8.544922E-03
-31   8.544922E-03
-30   9.155273E-03
-29   9.155273E-03
-28   9.155273E-03
-27   9.155273E-03
-26   8.544922E-03
-25   7.93457E-03
-24   7.93457E-03
-23   7.93457E-03
-22   7.93457E-03
-21   7.93457E-03
-20   7.324219E-03
-19   7.324219E-03
-18   7.93457E-03
-17   7.93457E-03
-16   8.544922E-03
-15   8.544922E-03
-14   9.155273E-03
-13   9.155273E-03
-12   8.544922E-03
-11   9.155273E-03
-10   8.544922E-03
-9   8.544922E-03
-8   8.544922E-03
-7   8.544922E-03
-6   7.93457E-03
-5   7.93457E-03
-4   7.93457E-03
-3   7.324219E-03
-2   7.93457E-03
-1   1.281738E-02
0   5.493164E-03
1   8.544922E-03
2   8.544922E-03
3   8.544922E-03
4   9.155273E-03
5   9.155273E-03
6   8.544922E-03
7   8.544922E-03
8   8.544922E-03
9   7.93457E-03
10   7.324219E-03
11   7.324219E-03
12   6.713867E-03
13   6.713867E-03
14   6.713867E-03
15   6.713867E-03
16   6.713867E-03
17   7.324219E-03
18   7.324219E-03
19   7.324219E-03
20   7.324219E-03
21   7.324219E-03
22   7.324219E-03
23   6.713867E-03
24   6.713867E-03
25   6.713867E-03
26   5.493164E-03
27   5.493164E-03
28   4.882813E-03
29   4.882813E-03
30   4.882813E-03
31   4.882813E-03
32   4.882813E-03
33   5.493164E-03
34   5.493164E-03
35   5.493164E-03
36   6.103516E-03
37   6.103516E-03
38   6.103516E-03
39   5.493164E-03
40   5.493164E-03
41   4.882813E-03
42   4.882813E-03
43   4.272461E-03
44   4.272461E-03
45   3.662109E-03
46   3.662109E-03
47   3.662109E-03
48   3.662109E-03
49   3.662109E-03
50   4.272461E-03
51   4.272461E-03
52   4.882813E-03
53   4.882813E-03
54   4.882813E-03
55   4.882813E-03
56   4.272461E-03
57   4.882813E-03
58   3.662109E-03
59   3.662109E-03
60   3.662109E-03
61   3.051758E-03
62   2.441406E-03
63   3.051758E-03
64   3.051758E-03
65   3.051758E-03
66   3.051758E-03
67   3.662109E-03
68   3.662109E-03
69   3.662109E-03
70   3.662109E-03
71   3.662109E-03
72   3.662109E-03
73   3.662109E-03
74   3.051758E-03
75   3.051758E-03
76   3.051758E-03
77   2.441406E-03
78   2.441406E-03
79   2.441406E-03
80   1.831055E-03
81   2.441406E-03
82   2.441406E-03
83   2.441406E-03
84   3.051758E-03
85   3.051758E-03
86   3.662109E-03
87   3.662109E-03
88   3.051758E-03
89   3.662109E-03
90   3.051758E-03
91   2.441406E-03
92   2.441406E-03
93   2.441406E-03
94   1.831055E-03
95   1.831055E-03
96   1.220703E-03
97   1.831055E-03
98   1.831055E-03
99   1.831055E-03
100   2.441406E-03
101   2.441406E-03
102   3.051758E-03
103   3.051758E-03
104   3.051758E-03
105   2.441406E-03
106   3.051758E-03
107   2.441406E-03
108   2.441406E-03
109   2.441406E-03
110   1.831055E-03
111   1.220703E-03
112   1.220703E-03
113   1.220703E-03
114   1.220703E-03
115   1.831055E-03
116   1.831055E-03
117   1.831055E-03
118   2.441406E-03
119   2.441406E-03
120   2.441406E-03
121   2.441406E-03
122   2.441406E-03
123   2.441406E-03
124   2.441406E-03
125   1.831055E-03
126   1.831055E-03
127   1.220703E-03
128   6.103516E-04
129   1.220703E-03
130   1.220703E-03
131   1.220703E-03
132   1.220703E-03
133   1.220703E-03
134   1.831055E-03
135   2.441406E-03
136   1.831055E-03
137   2.441406E-03
138   2.441406E-03
139   1.831055E-03
140   2.441406E-03
141   1.831055E-03
142   1.220703E-03
143   1.220703E-03
144   1.220703E-03
145   6.103516E-04
146   6.103516E-04
147   6.103516E-04
148   6.103516E-04
149   1.220703E-03
150   1.831055E-03
151   1.220703E-03
152   1.831055E-03
153   2.441406E-03
154   2.441406E-03
155   2.441406E-03
156   2.441406E-03
157   1.831055E-03
158   1.220703E-03
159   1.220703E-03
160   1.220703E-03
161   6.103516E-04
162   6.103516E-04
163   6.103516E-04
164   1.220703E-03
165   6.103516E-04
166   1.220703E-03
167   1.220703E-03
168   1.831055E-03
169   1.831055E-03
170   2.441406E-03
171   1.831055E-03
172   1.831055E-03
173   1.831055E-03
174   1.220703E-03
175   1.220703E-03
176   1.220703E-03
177   6.103516E-04
178   6.103516E-04
179   6.103516E-04
180   6.103516E-04
181   0
182   6.103516E-04
183   1.220703E-03
184   6.103516E-04
185   1.220703E-03
186   1.831055E-03
187   1.831055E-03
188   1.831055E-03
189   1.831055E-03
190   1.831055E-03
191   1.220703E-03
192   1.220703E-03
193   1.220703E-03
194   6.103516E-04
195   0
196   6.103516E-04
197   0
198   0
199   6.103516E-04
200   1.220703E-03
201   1.220703E-03
202   1.831055E-03
203   1.831055E-03
204   1.831055E-03
205   1.831055E-03
206   1.831055E-03
207   1.220703E-03
208   1.220703E-03
209   1.220703E-03
210   6.103516E-04
211   6.103516E-04
212   6.103516E-04
213   0
214   6.103516E-04
215   6.103516E-04
216   6.103516E-04
217   1.831055E-03
218   1.220703E-03
219   1.220703E-03
220   1.220703E-03
221   1.831055E-03
222   1.831055E-03
223   1.220703E-03
224   1.220703E-03
225   1.220703E-03
226   6.103516E-04
227   0
228   0
229   0
230   0
231   6.103516E-04
232   0
233   6.103516E-04
234   1.220703E-03
235   1.220703E-03
236   1.220703E-03
237   1.831055E-03
238   1.831055E-03
239   1.831055E-03
240   1.831055E-03
241   6.103516E-04
242   6.103516E-04
243   0
244   0
245   0
246   0
247   0
248   0
249   6.103516E-04
250   6.103516E-04
251   1.220703E-03
252   1.220703E-03
253   1.220703E-03
254   1.831055E-03
255   1.831055E-03
256   1.220703E-03
257   1.220703E-03
258   1.220703E-03
259   6.103516E-04
260   0
261   6.103516E-04
262   0
263   0
264   0
265   6.103516E-04
266   6.103516E-04
267   1.220703E-03
268   1.220703E-03
269   1.220703E-03
270   1.831055E-03
271   1.831055E-03
272   1.220703E-03
273   1.220703E-03
274   1.220703E-03
275   6.103516E-04
276   6.103516E-04
277   0
278   0
279   0
280   0
281   0
282   0
283   6.103516E-04
284   1.220703E-03
285   1.220703E-03
286   1.220703E-03
287   1.220703E-03
288   1.220703E-03
289   1.220703E-03
290   1.220703E-03
291   1.220703E-03
292   6.103516E-04
293   6.103516E-04
294   0
295   0
296   0
297   0
298   0
299   6.103516E-04
300   6.103516E-04
301   6.103516E-04
302   1.220703E-03
303   1.831055E-03
304   1.220703E-03
305   1.220703E-03
306   1.831055E-03
307   1.220703E-03
308   6.103516E-04
309   6.103516E-04
310   0
311   0
312   0
313   0
314   0
315   0
316   6.103516E-04
317   6.103516E-04
318   1.220703E-03
319   1.220703E-03
320   1.831055E-03
321   1.220703E-03
322   1.220703E-03
323   1.220703E-03
324   1.220703E-03
325   6.103516E-04
326   6.103516E-04
327   6.103516E-04
328   0
329   0
330   -6.103516E-04
331   0
332   6.103516E-04
333   6.103516E-04
334   6.103516E-04
335   1.220703E-03
336   1.220703E-03
337   1.220703E-03
338   1.831055E-03
339   1.220703E-03
340   1.220703E-03
341   1.220703E-03
342   6.103516E-04
343   0
344   0
345   0
346   0
347   0
348   0
349   6.103516E-04
350   6.103516E-04
351   6.103516E-04
352   1.220703E-03
353   1.220703E-03
354   1.220703E-03
355   1.220703E-03
356   1.220703E-03
357   1.220703E-03
358   6.103516E-04
359   6.103516E-04
360   0
361   0
362   0
363   0
364   0
365   0
366   6.103516E-04
367   6.103516E-04
368   1.220703E-03
369   1.220703E-03
370   1.831055E-03
371   1.831055E-03
372   1.220703E-03
373   1.220703E-03
374   1.220703E-03
375   0
376   6.103516E-04
377   0
378   0
379   0
380   0
381   0
382   6.103516E-04
383   6.103516E-04
384   6.103516E-04
385   1.220703E-03
386   1.220703E-03
387   1.220703E-03
388   1.831055E-03
389   1.220703E-03
390   1.220703E-03
391   6.103516E-04
392   0
393   0
394   0
395   0
396   0
397   0
398   0
399   6.103516E-04
400   0
401   6.103516E-04
402   6.103516E-04
403   1.220703E-03
404   1.220703E-03
405   1.220703E-03
406   1.220703E-03
407   6.103516E-04
408   0
409   6.103516E-04
410   -6.103516E-04
411   0
412   0
413   -6.103516E-04
414   0
415   0
416   6.103516E-04
417   1.220703E-03
418   6.103516E-04
419   6.103516E-04
420   1.220703E-03
421   1.220703E-03
422   1.220703E-03
423   1.220703E-03
424   1.220703E-03
425   6.103516E-04
426   6.103516E-04
427   0
428   0
429   0
430   0
431   0
432   0
433   6.103516E-04
434   6.103516E-04
435   6.103516E-04
436   1.220703E-03
437   1.220703E-03
438   1.220703E-03
439   1.220703E-03
440   1.220703E-03
441   6.103516E-04
442   6.103516E-04
443   0
444   0
445   0
446   -6.103516E-04
447   0
448   0
449   0
450   6.103516E-04
451   6.103516E-04
452   1.220703E-03
453   1.220703E-03
454   1.220703E-03
455   1.220703E-03
456   6.103516E-04
457   1.220703E-03
458   6.103516E-04
459   0
460   0
461   0
462   -6.103516E-04
463   0
464   0
465   0
466   6.103516E-04
467   6.103516E-04
468   6.103516E-04
469   1.220703E-03
470   1.220703E-03
471   1.220703E-03
472   1.220703E-03
473   1.220703E-03
474   1.220703E-03
475   0
476   0
477   0
478   0
479   0
480   0
481   -6.103516E-04
482   0
483   0
484   6.103516E-04
485   1.220703E-03
486   1.220703E-03
487   1.220703E-03
488   1.831055E-03
489   1.220703E-03
490   1.220703E-03
491   6.103516E-04
492   0
493   6.103516E-04
494   0
495   -6.103516E-04
496   0
497   -6.103516E-04
498   0
499   0
500   6.103516E-04
501   6.103516E-04
502   1.220703E-03
503   6.103516E-04
504   1.220703E-03
505   1.220703E-03
506   1.220703E-03
507   1.220703E-03
508   6.103516E-04
509   6.103516E-04
510   0
511   -6.103516E-04
512   0
513   0
514   0
515   6.103516E-04
516   0
517   6.103516E-04
518   6.103516E-04
519   1.220703E-03
520   1.220703E-03
521   1.220703E-03
522   1.220703E-03
523   1.220703E-03
524   6.103516E-04
525   0
526   6.103516E-04
527   0
528   6.103516E-04
529   0
530   0
531   0
532   0
533   0
534   6.103516E-04
535   6.103516E-04
536   1.220703E-03
537   6.103516E-04
538   1.220703E-03
539   1.220703E-03
540   1.220703E-03
541   6.103516E-04
542   0
543   0
544   0
545   -6.103516E-04
546   0
547   0
548   0
549   6.103516E-04
550   6.103516E-04
551   6.103516E-04
552   1.220703E-03
553   1.220703E-03
554   1.220703E-03
555   1.220703E-03
556   1.220703E-03
557   1.220703E-03
558   6.103516E-04
559   0
560   0
561   0
562   -6.103516E-04
563   0
564   -6.103516E-04
565   0
566   6.103516E-04
567   6.103516E-04
568   6.103516E-04
569   1.220703E-03
570   1.220703E-03
571   1.220703E-03
572   1.220703E-03
573   1.220703E-03
574   6.103516E-04
575   6.103516E-04
576   0
577   0
578   0
579   -6.103516E-04
580   -6.103516E-04
581   0
582   0
583   6.103516E-04
584   6.103516E-04
585   6.103516E-04
586   1.220703E-03
587   1.220703E-03
588   1.220703E-03
589   1.220703E-03
590   6.103516E-04
591   6.103516E-04
592   6.103516E-04
593   0
594   -6.103516E-04
595   0
596   -6.103516E-04
597   0
598   0
599   0
600   6.103516E-04
601   6.103516E-04
602   1.220703E-03
603   1.220703E-03
604   1.220703E-03
605   1.831055E-03
606   1.220703E-03
607   6.103516E-04
608   6.103516E-04
609   6.103516E-04
610   0
611   0
612   -6.103516E-04
613   0
614   -6.103516E-04
615   0
616   0
617   6.103516E-04
618   6.103516E-04
619   1.220703E-03
620   1.220703E-03
621   1.220703E-03
622   1.220703E-03
623   1.220703E-03
624   6.103516E-04
625   6.103516E-04
626   0
627   0
628   0
629   -6.103516E-04
630   0
631   0
632   0
633   0
634   6.103516E-04
635   1.220703E-03
636   1.220703E-03
637   6.103516E-04
638   1.220703E-03
639   1.220703E-03
640   1.220703E-03
641   6.103516E-04
642   6.103516E-04
643   6.103516E-04
644   0
645   0
646   0
647   0
648   0
649   0
650   6.103516E-04
651   6.103516E-04
652   1.220703E-03
653   1.220703E-03
654   1.220703E-03
655   1.220703E-03
656   6.103516E-04
657   1.220703E-03
658   6.103516E-04
659   6.103516E-04
660   0
661   0
662   -6.103516E-04
663   0
664   0
665   -6.103516E-04
666   0
667   6.103516E-04
668   6.103516E-04
669   1.220703E-03
670   1.220703E-03
671   6.103516E-04
672   1.220703E-03
673   1.220703E-03
674   6.103516E-04
675   6.103516E-04
676   6.103516E-04
677   0
678   -6.103516E-04
679   0
680   -6.103516E-04
681   0
682   0
683   6.103516E-04
684   0
685   1.220703E-03
686   1.220703E-03
687   1.220703E-03
688   1.220703E-03
689   1.220703E-03
690   6.103516E-04
691   6.103516E-04
692   6.103516E-04
693   0
694   0
695   0
696   -6.103516E-04
697   0
698   0
699   0
700   6.103516E-04
701   1.220703E-03
702   1.220703E-03
703   1.220703E-03
704   1.220703E-03
705   1.220703E-03
706   1.220703E-03
707   1.220703E-03
708   6.103516E-04
709   0
710   0
711   0
712   -6.103516E-04
713   -6.103516E-04
714   0
715   0
716   0
717   6.103516E-04
718   6.103516E-04
719   6.103516E-04
720   1.220703E-03
721   1.220703E-03
722   1.220703E-03
723   1.220703E-03
724   6.103516E-04
725   0
726   0
727   0
728   0
729   -6.103516E-04
730   0
731   0
732   0
733   6.103516E-04
734   6.103516E-04
735   6.103516E-04
736   1.220703E-03
737   1.220703E-03
738   1.220703E-03
739   1.220703E-03
740   6.103516E-04
741   6.103516E-04
742   6.103516E-04
743   0
744   0
745   -6.103516E-04
746   0
747   0
748   0
749   0
750   6.103516E-04
751   6.103516E-04
752   1.220703E-03
753   1.220703E-03
754   1.220703E-03
755   6.103516E-04
756   1.220703E-03
757   6.103516E-04
758   6.103516E-04
759   0
760   0
761   -6.103516E-04
762   0
763   0
764   0
765   0
766   0
767   6.103516E-04
768   6.103516E-04
769   6.103516E-04
770   1.220703E-03
771   1.220703E-03
772   1.220703E-03
773   1.220703E-03
774   6.103516E-04
775   6.103516E-04
776   0
777   -6.103516E-04
778   -6.103516E-04
779   0
780   0
781   0
782   0
783   6.103516E-04
784   6.103516E-04
785   1.220703E-03
786   1.220703E-03
787   1.220703E-03
788   1.220703E-03
789   1.220703E-03
790   1.220703E-03
791   6.103516E-04
792   6.103516E-04
793   0
794   0
795   -6.103516E-04
796   0
797   -6.103516E-04
798   0
799   0
800   6.103516E-04
801   6.103516E-04
802   1.220703E-03
803   1.220703E-03
804   1.220703E-03
805   1.220703E-03
806   1.220703E-03
807   6.103516E-04
808   0
809   6.103516E-04
810   0
811   0
812   0
813   0
814   0
815   0
816   0
817   6.103516E-04
818   6.103516E-04
819   1.220703E-03
820   1.220703E-03
821   1.220703E-03
822   1.220703E-03
823   1.220703E-03
824   6.103516E-04
825   6.103516E-04
826   0
827   0
828   0
829   0
830   0
831   0
832   0
833   6.103516E-04
834   6.103516E-04
835   1.220703E-03
836   1.220703E-03
837   1.220703E-03
838   1.220703E-03
839   1.220703E-03
840   1.220703E-03
841   6.103516E-04
842   6.103516E-04
843   0
844   0
845   0
846   0
847   0
848   -6.103516E-04
849   0
850   0
851   6.103516E-04
852   1.220703E-03
853   1.220703E-03
854   1.220703E-03
855   6.103516E-04
856   1.220703E-03
857   6.103516E-04
858   6.103516E-04
859   6.103516E-04
860   0
861   -6.103516E-04
862   0
863   -6.103516E-04
864   0
865   0
866   0
867   6.103516E-04
868   6.103516E-04
869   1.220703E-03
870   1.220703E-03
871   1.220703E-03
872   1.220703E-03
873   1.220703E-03
874   6.103516E-04
875   6.103516E-04
876   -6.103516E-04
877   0
878   -6.103516E-04
879   0
880   -6.103516E-04
881   0
882   0
883   6.103516E-04
884   6.103516E-04
885   1.220703E-03
886   6.103516E-04
887   1.220703E-03
888   1.220703E-03
889   1.220703E-03
890   1.220703E-03
891   6.103516E-04
892   6.103516E-04
893   0
894   0
895   0
896   0
897   -6.103516E-04
898   6.103516E-04
899   0
900   6.103516E-04
901   6.103516E-04
902   1.220703E-03
903   1.220703E-03
904   1.220703E-03
905   1.220703E-03
906   1.220703E-03
907   6.103516E-04
908   6.103516E-04
909   0
910   0
911   0
912   0
913   0
914   -6.103516E-04
915   0
916   0
917   6.103516E-04
918   6.103516E-04
919   1.220703E-03
920   1.220703E-03
921   1.220703E-03
922   1.220703E-03
923   1.220703E-03
924   1.220703E-03
925   6.103516E-04
926   0
927   0
928   0
929   -6.103516E-04
930   0
931   0
932   6.103516E-04
933   0
934   6.103516E-04
935   6.103516E-04
936   1.220703E-03
937   1.220703E-03
938   1.220703E-03
939   1.220703E-03
940   1.220703E-03
941   0
942   0
943   6.103516E-04
944   0
945   -6.103516E-04
946   0
947   0
948   0
949   0
950   0
951   6.103516E-04
952   1.220703E-03
953   1.220703E-03
954   1.220703E-03
955   1.220703E-03
956   1.220703E-03
957   1.220703E-03
958   6.103516E-04
959   6.103516E-04
960   0
961   0
962   0
963   0
964   0
965   0
966   6.103516E-04
967   6.103516E-04
968   6.103516E-04
969   1.220703E-03
970   1.220703E-03
971   1.220703E-03
972   1.220703E-03
973   1.220703E-03
974   6.103516E-04
975   6.103516E-04
976   0
977   0
978   0
979   -6.103516E-04
980   0
981   -6.103516E-04
982   0
983   6.103516E-04
984   6.103516E-04
985   1.220703E-03
986   6.103516E-04
987   1.220703E-03
988   1.220703E-03
989   1.220703E-03
990   1.220703E-03
991   6.103516E-04
992   0
993   6.103516E-04
994   0
995   0
996   0
997   0
998   0
999   0
1000   6.103516E-04
1001   6.103516E-04
1002   1.220703E-03
1003   1.220703E-03
1004   1.220703E-03
1005   1.220703E-03
1006   1.220703E-03
1007   6.103516E-04
1008   6.103516E-04
1009   0
1010   0
1011   0
1012   0
1013   -6.103516E-04
1014   0
1015   0
1016   6.103516E-04
1017   6.103516E-04
1018   6.103516E-04
1019   6.103516E-04
1020   1.220703E-03
1021   1.220703E-03
1022   1.220703E-03
1023   6.103516E-04
1024   1.220703E-03
1025   0
1026   0
1027   0
1028   0
1029   0
1030   0
1031   0
1032   0
1033   0
1034   6.103516E-04
1035   1.220703E-03
1036   6.103516E-04
1037   1.220703E-03
1038   1.220703E-03
1039   1.220703E-03
1040   6.103516E-04
1041   6.103516E-04
1042   0
1043   0
1044   0
1045   0
1046   -6.103516E-04
1047   0
1048   -6.103516E-04
1049   6.103516E-04
1050   6.103516E-04
1051   6.103516E-04
1052   1.220703E-03
1053   1.220703E-03
1054   1.220703E-03
1055   1.220703E-03
1056   1.220703E-03
1057   6.103516E-04
1058   6.103516E-04
1059   6.103516E-04
1060   0
1061   0
1062   -6.103516E-04
1063   0
1064   -6.103516E-04
1065   0
1066   0
1067   6.103516E-04
1068   1.220703E-03
1069   6.103516E-04
1070   1.220703E-03
1071   1.220703E-03
1072   1.220703E-03
1073   1.220703E-03
1074   6.103516E-04
1075   6.103516E-04
1076   6.103516E-04
1077   0
1078   0
1079   -6.103516E-04
1080   0
1081   0
1082   0
1083   0
1084   6.103516E-04
1085   1.220703E-03
1086   1.220703E-03
1087   1.220703E-03
1088   1.220703E-03
1089   1.220703E-03
1090   6.103516E-04
1091   0
1092   0
1093   0
1094   0
1095   0
1096   0
1097   0
1098   0
1099   0
1100   6.103516E-04
1101   1.220703E-03
1102   6.103516E-04
1103   1.220703E-03
1104   1.220703E-03
1105   1.220703E-03
1106   1.220703E-03
1107   6.103516E-04
1108   6.103516E-04
1109   0
1110   0
1111   -6.103516E-04
1112   0
1113   0
1114   0
1115   0
1116   0
1117   6.103516E-04
1118   6.103516E-04
1119   1.220703E-03
1120   6.103516E-04
1121   1.220703E-03
1122   1.220703E-03
1123   1.220703E-03
1124   6.103516E-04
1125   6.103516E-04
1126   0
1127   0
1128   -6.103516E-04
1129   -6.103516E-04
1130   0
1131   0
1132   0
1133   0
1134   6.103516E-04
1135   1.220703E-03
1136   1.220703E-03
1137   1.220703E-03
1138   1.220703E-03
1139   1.220703E-03
1140   1.220703E-03
1141   6.103516E-04
1142   0
1143   6.103516E-04
1144   0
1145   0
1146   -6.103516E-04
1147   0
1148   0
1149   0
1150   6.103516E-04
1151   6.103516E-04
1152   1.220703E-03
1153   1.220703E-03
1154   1.220703E-03
1155   6.103516E-04
1156   1.220703E-03
1157   6.103516E-04
1158   6.103516E-04
1159   6.103516E-04
1160   -6.103516E-04
1161   -6.103516E-04
1162   0
1163   -6.103516E-04
1164   0
1165   0
1166   6.103516E-04
1167   6.103516E-04
1168   6.103516E-04
1169   1.220703E-03
1170   1.220703E-03
1171   1.220703E-03
1172   1.220703E-03
1173   1.220703E-03
1174   6.103516E-04
1175   0
1176   0
1177   0
1178   0
1179   -6.103516E-04
1180   0
1181   -6.103516E-04
1182   0
1183   0
1184   6.103516E-04
1185   6.103516E-04
1186   1.220703E-03
1187   1.220703E-03
1188   1.220703E-03
1189   1.220703E-03
1190   1.220703E-03
1191   0
1192   0
1193   0
1194   -6.103516E-04
1195   0
1196   -6.103516E-04
1197   0
1198   0
1199   0
1200   6.103516E-04
1201   6.103516E-04
1202   1.220703E-03
1203   1.220703E-03
1204   1.220703E-03
1205   1.220703E-03
1206   1.220703E-03
1207   6.103516E-04
1208   6.103516E-04
1209   0
1210   0
1211   0
1212   -6.103516E-04
1213   0
1214   0
1215   0
1216   6.103516E-04
1217   6.103516E-04
1218   6.103516E-04
1219   1.220703E-03
1220   1.220703E-03
1221   1.220703E-03
1222   6.103516E-04
1223   1.220703E-03
1224   6.103516E-04
1225   0
1226   6.103516E-04
1227   0
1228   0
1229   -6.103516E-04
1230   0
1231   0
1232   0
1233   6.103516E-04
1234   6.103516E-04
1235   1.220703E-03
1236   1.220703E-03
1237   1.220703E-03
1238   1.220703E-03
1239   1.220703E-03
1240   6.103516E-04
1241   6.103516E-04
1242   6.103516E-04
1243   0
1244   0
1245   0
1246   -6.103516E-04
1247   0
1248   0
1249   0
1250   6.103516E-04
1251   6.103516E-04
1252   1.220703E-03
1253   1.220703E-03
1254   1.220703E-03
1255   1.220703E-03
1256   1.220703E-03
1257   6.103516E-04
1258   6.103516E-04
1259   0
1260   0
1261   0
1262   -6.103516E-04
1263   0
1264   0
1265   0
1266   6.103516E-04
1267   6.103516E-04
1268   1.220703E-03
1269   1.220703E-03
1270   1.220703E-03
1271   1.220703E-03
1272   1.220703E-03
1273   6.103516E-04
1274   6.103516E-04
1275   0
1276   0
1277   0
1278   -6.103516E-04
1279   0
1280   0
1281   0
1282   0
1283   0
1284   6.103516E-04
1285   1.220703E-03
1286   1.220703E-03
1287   1.220703E-03
1288   1.220703E-03
1289   1.220703E-03
1290   6.103516E-04
1291   6.103516E-04
1292   6.103516E-04
1293   0
1294   0
1295   0
1296   0
1297   -6.103516E-04
1298   0
1299   0
1300   6.103516E-04
1301   6.103516E-04
1302   1.220703E-03
1303   1.220703E-03
1304   1.220703E-03
1305   1.220703E-03
1306   1.220703E-03
1307   6.103516E-04
1308   6.103516E-04
1309   6.103516E-04
1310   0
1311   0
1312   0
1313   -6.103516E-04
1314   0
1315   0
1316   0
1317   6.103516E-04
1318   6.103516E-04
1319   1.220703E-03
1320   6.103516E-04
1321   1.220703E-03
1322   1.220703E-03
1323   1.220703E-03
1324   6.103516E-04
1325   6.103516E-04
1326   0
1327   0
1328   -6.103516E-04
1329   -6.103516E-04
1330   0
1331   0
1332   0
1333   0
1334   6.103516E-04
1335   6.103516E-04
1336   1.220703E-03
1337   1.220703E-03
1338   1.220703E-03
1339   1.220703E-03
1340   6.103516E-04
1341   6.103516E-04
1342   0
1343   0
1344   0
1345   0
1346   0
1347   -6.103516E-04
1348   0
1349   0
1350   6.103516E-04
1351   6.103516E-04
1352   1.220703E-03
1353   1.220703E-03
1354   1.220703E-03
1355   1.220703E-03
1356   6.103516E-04
1357   6.103516E-04
1358   6.103516E-04
1359   0
1360   0
1361   0
1362   -6.103516E-04
1363   0
1364   0
1365   0
1366   6.103516E-04
1367   0
1368   1.220703E-03
1369   1.220703E-03
1370   6.103516E-04
1371   1.220703E-03
1372   1.220703E-03
1373   1.220703E-03
1374   6.103516E-04
1375   0
1376   6.103516E-04
1377   0
1378   -6.103516E-04
1379   -6.103516E-04
1380   0
1381   -6.103516E-04
1382   0
1383   6.103516E-04
1384   6.103516E-04
1385   1.220703E-03
1386   6.103516E-04
1387   1.220703E-03
1388   1.220703E-03
1389   1.220703E-03
1390   1.220703E-03
1391   6.103516E-04
1392   0
1393   0
1394   0
1395   -6.103516E-04
1396   0
1397   -6.103516E-04
1398   0
1399   0
1400   6.103516E-04
1401   6.103516E-04
1402   1.220703E-03
1403   1.220703E-03
1404   1.220703E-03
1405   6.103516E-04
1406   1.220703E-03
1407   6.103516E-04
1408   6.103516E-04
1409   0
1410   0
1411   0
1412   -6.103516E-04
1413   0
1414   -6.103516E-04
1415   0
1416   0
1417   6.103516E-04
1418   1.220703E-03
1419   1.220703E-03
1420   6.103516E-04
1421   1.220703E-03
1422   1.220703E-03
1423   6.103516E-04
1424   1.220703E-03
1425   6.103516E-04
1426   0
1427   0
1428   0
1429   -6.103516E-04
1430   0
1431   0
1432   0
1433   6.103516E-04
1434   6.103516E-04
1435   6.103516E-04
1436   1.220703E-03
1437   1.220703E-03
1438   1.220703E-03
1439   1.220703E-03
1440   1.220703E-03
1441   6.103516E-04
1442   0
1443   0
1444   0
1445   -6.103516E-04
1446   -6.103516E-04
1447   0
1448   0
1449   0
1450   6.103516E-04
1451   6.103516E-04
1452   1.220703E-03
1453   1.220703E-03
1454   1.220703E-03
1455   1.220703E-03
1456   1.220703E-03
1457   6.103516E-04
1458   6.103516E-04
1459   6.103516E-04
1460   0
1461   0
1462   0
1463   0
1464   -6.103516E-04
1465   0
1466   0
1467   0
1468   1.220703E-03
1469   1.220703E-03
1470   1.220703E-03
1471   1.220703E-03
1472   1.220703E-03
1473   1.220703E-03
1474   6.103516E-04
1475   6.103516E-04
1476   0
1477   0
1478   0
1479   -6.103516E-04
1480   0
1481   0
1482   0
1483   6.103516E-04
1484   6.103516E-04
1485   1.220703E-03
1486   1.220703E-03
1487   1.220703E-03
1488   6.103516E-04
1489   1.220703E-03
1490   1.220703E-03
1491   6.103516E-04
1492   6.103516E-04
1493   0
1494   0
1495   0
1496   -6.103516E-04
1497   0
1498   0
1499   0
1500   6.103516E-04
1501   6.103516E-04
1502   6.103516E-04
1503   6.103516E-04
1504   1.220703E-03
1505   1.220703E-03
1506   1.220703E-03
1507   6.103516E-04
1508   6.103516E-04
1509   0
1510   -6.103516E-04
1511   0
1512   0
1513   -6.103516E-04
1514   0
1515   0
1516   0
1517   6.103516E-04
1518   1.220703E-03
1519   1.220703E-03
1520   1.220703E-03
1521   1.220703E-03
1522   1.220703E-03
1523   1.220703E-03
1524   1.220703E-03
1525   6.103516E-04
1526   0
1527   0
1528   0
1529   -6.103516E-04
1530   0
1531   0
1532   0
1533   6.103516E-04
1534   6.103516E-04
1535   6.103516E-04
1536   1.220703E-03
1537   1.220703E-03
1538   1.220703E-03
1539   1.220703E-03
1540   1.220703E-03
1541   6.103516E-04
1542   0
1543   0
1544   0
1545   -6.103516E-04
1546   0
1547   0
1548   0
1549   0
1550   6.103516E-04
1551   6.103516E-04
1552   1.220703E-03
1553   1.220703E-03
1554   1.220703E-03
1555   1.220703E-03
1556   1.220703E-03
1557   1.220703E-03
1558   6.103516E-04
1559   6.103516E-04
1560   0
1561   0
1562   0
1563   0
1564   0
1565   0
1566   6.103516E-04
1567   6.103516E-04
1568   6.103516E-04
1569   1.220703E-03
1570   1.220703E-03
1571   1.220703E-03
1572   1.220703E-03
1573   1.220703E-03
1574   6.103516E-04
1575   0
1576   6.103516E-04
1577   0
1578   -6.103516E-04
1579   -6.103516E-04
1580   0
1581   0
1582   0
1583   6.103516E-04
1584   6.103516E-04
1585   1.220703E-03
1586   1.220703E-03
1587   1.220703E-03
1588   1.220703E-03
1589   1.220703E-03
1590   1.220703E-03
1591   0
1592   0
1593   0
1594   -6.103516E-04
1595   0
1596   -6.103516E-04
1597   0
1598   0
1599   0
1600   6.103516E-04
1601   6.103516E-04
1602   6.103516E-04
1603   1.220703E-03
1604   1.220703E-03
1605   1.220703E-03
1606   1.220703E-03
1607   6.103516E-04
1608   0
1609   6.103516E-04
1610   0
1611   -6.103516E-04
1612   -6.103516E-04
1613   0
1614   0
1615   0
1616   6.103516E-04
1617   0
1618   1.220703E-03
1619   1.220703E-03
1620   1.220703E-03
1621   1.220703E-03
1622   1.220703E-03
1623   6.103516E-04
1624   6.103516E-04
1625   6.103516E-04
1626   0
1627   0
1628   0
1629   -6.103516E-04
1630   0
1631   0
1632   0
1633   6.103516E-04
1634   6.103516E-04
1635   6.103516E-04
1636   1.220703E-03
1637   1.220703E-03
1638   1.831055E-03
1639   1.220703E-03
1640   6.103516E-04
1641   6.103516E-04
1642   0
1643   0
1644   0
1645   -6.103516E-04
1646   0
1647   0
1648   -6.103516E-04
1649   6.103516E-04
1650   6.103516E-04
1651   1.220703E-03
1652   1.220703E-03
1653   1.220703E-03
1654   1.220703E-03
1655   1.220703E-03
1656   1.220703E-03
1657   6.103516E-04
1658   0
1659   0
1660   0
1661   0
1662   0
1663   0
1664   -6.103516E-04
1665   0
1666   6.103516E-04
1667   6.103516E-04
1668   1.220703E-03
1669   1.220703E-03
1670   1.220703E-03
1671   1.220703E-03
1672   1.220703E-03
1673   1.220703E-03
1674   6.103516E-04
1675   6.103516E-04
1676   0
1677   0
1678   0
1679   -6.103516E-04
1680   0
1681   0
1682   0
1683   6.103516E-04
1684   6.103516E-04
1685   1.220703E-03
1686   6.103516E-04
1687   1.220703E-03
1688   1.220703E-03
1689   1.220703E-03
1690   1.220703E-03
1691   6.103516E-04
1692   0
1693   0
1694   -6.103516E-04
1695   0
1696   0
1697   0
1698   0
1699   6.103516E-04
1700   6.103516E-04
1701   6.103516E-04
1702   1.220703E-03
1703   1.220703E-03
1704   1.220703E-03
1705   1.220703E-03
1706   6.103516E-04
1707   6.103516E-04
1708   6.103516E-04
1709   0
1710   0
1711   0
1712   -6.103516E-04
1713   0
1714   0
1715   0
1716   6.103516E-04
1717   6.103516E-04
1718   6.103516E-04
1719   6.103516E-04
1720   1.220703E-03
1721   1.220703E-03
1722   1.220703E-03
1723   1.220703E-03
1724   6.103516E-04
1725   0
1726   0
1727   0
1728   0
1729   -6.103516E-04
1730   0
1731   0
1732   0
1733   6.103516E-04
1734   6.103516E-04
1735   6.103516E-04
1736   1.220703E-03
1737   1.220703E-03
1738   1.220703E-03
1739   6.103516E-04
1740   1.220703E-03
1741   0
1742   6.103516E-04
1743   0
1744   0
1745   0
1746   0
1747   -6.103516E-04
1748   0
1749   0
1750   0
1751   6.103516E-04
1752   1.220703E-03
1753   1.220703E-03
1754   1.220703E-03
1755   1.220703E-03
1756   1.220703E-03
1757   6.103516E-04
1758   6.103516E-04
1759   6.103516E-04
1760   0
1761   0
1762   0
1763   -6.103516E-04
1764   0
1765   0
1766   6.103516E-04
1767   0
1768   6.103516E-04
1769   1.220703E-03
1770   6.103516E-04
1771   1.831055E-03
1772   1.220703E-03
1773   1.220703E-03
1774   6.103516E-04
1775   6.103516E-04
1776   0
1777   0
1778   0
1779   0
1780   -6.103516E-04
1781   0
1782   0
1783   6.103516E-04
1784   1.220703E-03
1785   1.220703E-03
1786   1.220703E-03
1787   1.220703E-03
1788   1.220703E-03
1789   1.220703E-03
1790   1.220703E-03
1791   6.103516E-04
1792   6.103516E-04
1793   0
1794   0
1795   0
1796   0
1797   -6.103516E-04
1798   0
1799   0
1800   6.103516E-04
1801   6.103516E-04
1802   6.103516E-04
1803   1.220703E-03
1804   1.220703E-03
1805   1.220703E-03
1806   6.103516E-04
1807   6.103516E-04
1808   6.103516E-04
1809   0
1810   0
1811   0
1812   0
1813   0
1814   0
1815   0
1816   6.103516E-04
1817   6.103516E-04
1818   1.220703E-03
1819   1.220703E-03
1820   1.220703E-03
1821   1.220703E-03
1822   6.103516E-04
1823   1.220703E-03
1824   6.103516E-04
1825   0
1826   0
1827   0
1828   0
1829   -6.103516E-04
1830   0
1831   0
1832   0
1833   0
1834   6.103516E-04
1835   6.103516E-04
1836   1.220703E-03
1837   1.220703E-03
1838   6.103516E-04
1839   1.220703E-03
1840   1.220703E-03
1841   0
1842   6.103516E-04
1843   0
1844   0
1845   -6.103516E-04
1846   0
1847   0
1848   0
1849   6.103516E-04
1850   0
1851   6.103516E-04
1852   1.220703E-03
1853   6.103516E-04
1854   1.220703E-03
1855   1.220703E-03
1856   1.220703E-03
1857   6.103516E-04
1858   0
1859   0
1860   0
1861   0
1862   0
1863   0
1864   0
1865   0
1866   6.103516E-04
1867   6.103516E-04
1868   1.220703E-03
1869   1.220703E-03
1870   1.220703E-03
1871   1.220703E-03
1872   1.220703E-03
1873   1.220703E-03
1874   6.103516E-04
1875   6.103516E-04
1876   0
1877   0
1878   0
1879   0
1880   0
1881   0
1882   0
1883   0
1884   6.103516E-04
1885   1.220703E-03
1886   1.220703E-03
1887   1.220703E-03
1888   1.220703E-03
1889   1.220703E-03
1890   6.103516E-04
1891   6.103516E-04
1892   0
1893   0
1894   0
1895   0
1896   0
1897   0
1898   0
1899   0
1900   6.103516E-04
1901   6.103516E-04
1902   6.103516E-04
1903   1.220703E-03
1904   1.220703E-03
1905   1.220703E-03
1906   1.220703E-03
1907   1.220703E-03
1908   0
1909   6.103516E-04
1910   0
1911   -6.103516E-04
1912   -6.103516E-04
1913   0
1914   0
1915   0
1916   6.103516E-04
1917   6.103516E-04
1918   6.103516E-04
1919   1.220703E-03
1920   1.220703E-03
1921   1.220703E-03
1922   1.220703E-03
1923   1.220703E-03
1924   6.103516E-04
1925   0
1926   6.103516E-04
1927   0
1928   -6.103516E-04
1929   0
1930   0
1931   0
1932   6.103516E-04
1933   6.103516E-04
1934   0
1935   1.220703E-03
1936   1.220703E-03
1937   1.220703E-03
1938   1.220703E-03
1939   1.220703E-03
1940   6.103516E-04
1941   6.103516E-04
1942   6.103516E-04
1943   0
1944   0
1945   0
1946   0
1947   -6.103516E-04
1948   0
1949   0
1950   6.103516E-04
1951   6.103516E-04
1952   1.220703E-03
1953   1.220703E-03
1954   1.220703E-03
1955   1.220703E-03
1956   6.103516E-04
1957   1.220703E-03
1958   6.103516E-04
1959   0
1960   0
1961   -6.103516E-04
1962   -6.103516E-04
1963   0
1964   0
1965   0
1966   6.103516E-04
1967   6.103516E-04
1968   6.103516E-04
1969   1.220703E-03
1970   1.220703E-03
1971   1.220703E-03
1972   1.220703E-03
1973   1.220703E-03
1974   6.103516E-04
1975   0
1976   6.103516E-04
1977   0
1978   0
1979   0
1980   0
1981   -6.103516E-04
1982   0
1983   6.103516E-04
1984   6.103516E-04
1985   1.220703E-03
1986   1.220703E-03
1987   1.220703E-03
1988   1.220703E-03
1989   1.220703E-03
1990   6.103516E-04
1991   0
1992   6.103516E-04
1993   0
1994   0
1995   0
1996   0
1997   0
1998   0
1999   6.103516E-04
2000   0
2001   1.220703E-03
2002   1.220703E-03
2003   1.220703E-03
2004   1.220703E-03
2005   1.220703E-03
2006   6.103516E-04
2007   1.220703E-03
2008   0
2009   0
2010   0
2011   0
2012   -6.103516E-04
2013   0
2014   0
2015   0
2016   6.103516E-04
2017   6.103516E-04
2018   6.103516E-04
2019   6.103516E-04
2020   1.220703E-03
2021   1.220703E-03
2022   6.103516E-04
2023   1.220703E-03
2024   0
2025   6.103516E-04
2026   0
2027   0
2028   0
2029   0
2030   -6.103516E-04
2031   0
2032   0
2033   6.103516E-04
2034   6.103516E-04
2035   1.220703E-03
2036   1.220703E-03
2037   1.220703E-03
2038   1.220703E-03
2039   1.220703E-03
2040   6.103516E-04
2041   6.103516E-04
2042   6.103516E-04
2043   0
2044   0
2045   0
2046   -6.103516E-04
2047   0
2048   0
2049   0
2050   6.103516E-04
2051   6.103516E-04
2052   1.220703E-03
2053   1.220703E-03
2054   1.220703E-03
2055   6.103516E-04
2056   1.220703E-03
2057   6.103516E-04
2058   6.103516E-04
2059   0
2060   0
2061   0
2062   -6.103516E-04
2063   0
2064   0
2065   0
2066   6.103516E-04
2067   6.103516E-04
2068   6.103516E-04
2069   1.220703E-03
2070   1.220703E-03
2071   1.220703E-03
2072   1.220703E-03
2073   1.220703E-03
2074   6.103516E-04
2075   6.103516E-04
2076   0
2077   0
2078   0
2079   -6.103516E-04
2080   -6.103516E-04
2081   0
2082   0
2083   0
2084   6.103516E-04
2085   1.220703E-03
2086   1.220703E-03
2087   1.220703E-03
2088   1.220703E-03
2089   1.220703E-03
2090   6.103516E-04
2091   6.103516E-04
2092   0
2093   0
2094   0
2095   -6.103516E-04
2096   0
2097   0
2098   0
2099   0
2100   6.103516E-04
2101   6.103516E-04
2102   1.220703E-03
2103   1.220703E-03
2104   1.220703E-03
2105   1.220703E-03
2106   1.220703E-03
2107   0
2108   6.103516E-04
2109   0
2110   0
2111   0
2112   0
2113   -6.103516E-04
2114   0
2115   0
2116   0
2117   6.103516E-04
2118   6.103516E-04
2119   1.220703E-03
2120   1.220703E-03
2121   1.220703E-03
2122   1.220703E-03
2123   1.220703E-03
2124   6.103516E-04
2125   6.103516E-04
2126   0
2127   0
2128   0
2129   -6.103516E-04
2130   0
2131   0
2132   0
2133   6.103516E-04
2134   6.103516E-04
2135   1.220703E-03
2136   6.103516E-04
2137   1.220703E-03
2138   1.220703E-03
2139   1.220703E-03
2140   6.103516E-04
2141   6.103516E-04
2142   6.103516E-04
2143   0
2144   0
2145   0
2146   -6.103516E-04
2147   0
2148   0
2149   0
2150   6.103516E-04
2151   6.103516E-04
2152   6.103516E-04
2153   1.220703E-03
2154   1.220703E-03
2155   6.103516E-04
2156   1.220703E-03
2157   6.103516E-04
2158   0
2159   6.103516E-04
2160   0
2161   0
2162   0
2163   0
2164   -6.103516E-04
2165   0
2166   0
2167   6.103516E-04
2168   6.103516E-04
2169   6.103516E-04
2170   1.220703E-03
2171   1.220703E-03
2172   6.103516E-04
2173   1.220703E-03
2174   6.103516E-04
2175   0
2176   0
2177   0
2178   -6.103516E-04
2179   -6.103516E-04
2180   0
2181   0
2182   0
2183   6.103516E-04
2184   6.103516E-04
2185   6.103516E-04
2186   6.103516E-04
2187   1.220703E-03
2188   1.220703E-03
2189   1.220703E-03
2190   1.220703E-03
2191   6.103516E-04
2192   6.103516E-04
2193   0
2194   0
2195   0
2196   -6.103516E-04
2197   0
2198   0
2199   0
2200   6.103516E-04
2201   6.103516E-04
2202   6.103516E-04
2203   1.220703E-03
2204   1.220703E-03
2205   1.220703E-03
2206   1.220703E-03
2207   1.220703E-03
2208   6.103516E-04
2209   0
2210   0
2211   0
2212   0
2213   0
2214   -6.103516E-04
2215   0
2216   6.103516E-04
2217   6.103516E-04
2218   6.103516E-04
2219   1.220703E-03
2220   1.220703E-03
2221   1.220703E-03
2222   1.220703E-03
2223   1.220703E-03
2224   6.103516E-04
2225   0
2226   0
2227   0
2228   -6.103516E-04
2229   0
2230   0
2231   0
2232   0
2233   6.103516E-04
2234   6.103516E-04
2235   1.220703E-03
2236   1.220703E-03
2237   1.220703E-03
2238   1.220703E-03
2239   1.220703E-03
2240   6.103516E-04
2241   6.103516E-04
2242   6.103516E-04
2243   0
2244   -6.103516E-04
2245   0
2246   0
2247   -6.103516E-04
2248   0
2249   6.103516E-04
2250   6.103516E-04
2251   6.103516E-04
2252   1.220703E-03
2253   1.220703E-03
2254   1.220703E-03
2255   1.220703E-03
2256   6.103516E-04
2257   6.103516E-04
2258   6.103516E-04
2259   6.103516E-04
2260   0
2261   0
2262   0
2263   -6.103516E-04
2264   0
2265   0
2266   6.103516E-04
2267   6.103516E-04
2268   1.220703E-03
2269   1.220703E-03
2270   1.220703E-03
2271   1.220703E-03
2272   1.220703E-03
2273   6.103516E-04
2274   6.103516E-04
2275   0
2276   0
2277   0
2278   0
2279   -6.103516E-04
2280   0
2281   0
2282   0
2283   1.220703E-03
2284   6.103516E-04
2285   6.103516E-04
2286   1.220703E-03
2287   1.220703E-03
2288   1.220703E-03
2289   1.220703E-03
2290   6.103516E-04
2291   6.103516E-04
2292   6.103516E-04
2293   0
2294   0
2295   -6.103516E-04
2296   0
2297   0
2298   0
2299   6.103516E-04
2300   0
2301   6.103516E-04
2302   1.220703E-03
2303   6.103516E-04
2304   1.220703E-03
2305   1.220703E-03
2306   1.220703E-03
2307   1.220703E-03
2308   6.103516E-04
2309   0
2310   0
2311   0
2312   0
2313   -6.103516E-04
2314   0
2315   0
2316   6.103516E-04
2317   6.103516E-04
2318   1.220703E-03
2319   1.220703E-03
2320   1.220703E-03
2321   1.220703E-03
2322   1.220703E-03
2323   1.220703E-03
2324   6.103516E-04
2325   0
2326   0
2327   -6.103516E-04
2328   0
2329   -6.103516E-04
2330   -6.103516E-04
2331   0
2332   0
2333   6.103516E-04
2334   6.103516E-04
2335   1.220703E-03
2336   1.220703E-03
2337   1.220703E-03
2338   1.220703E-03
2339   6.103516E-04
2340   6.103516E-04
2341   6.103516E-04
2342   6.103516E-04
2343   0
2344   0
2345   0
2346   -6.103516E-04
2347   0
2348   0
2349   0
2350   6.103516E-04
2351   6.103516E-04
2352   1.220703E-03
2353   1.220703E-03
2354   1.220703E-03
2355   1.220703E-03
2356   1.220703E-03
2357   6.103516E-04
2358   6.103516E-04
2359   6.103516E-04
2360   0
2361   -6.103516E-04
2362   -6.103516E-04
2363   0
2364   -6.103516E-04
2365   0
2366   6.103516E-04
2367   6.103516E-04
2368   1.220703E-03
2369   1.220703E-03
2370   1.220703E-03
2371   1.220703E-03
2372   6.103516E-04
2373   1.220703E-03
2374   6.103516E-04
2375   0
2376   0
2377   0
2378   -6.103516E-04
2379   -6.103516E-04
2380   -6.103516E-04
2381   0
2382   0
2383   6.103516E-04
2384   6.103516E-04
2385   1.220703E-03
2386   1.220703E-03
2387   1.220703E-03
2388   1.220703E-03
2389   1.220703E-03
2390   6.103516E-04
2391   6.103516E-04
2392   6.103516E-04
2393   0
2394   0
2395   0
2396   -6.103516E-04
2397   0
2398   0
2399   0
2400   6.103516E-04
2401   6.103516E-04
2402   6.103516E-04
2403   1.220703E-03
2404   1.220703E-03
2405   1.220703E-03
2406   1.220703E-03
2407   1.220703E-03
2408   6.103516E-04
2409   0
2410   0
2411   -6.103516E-04
2412   0
2413   0
2414   0
2415   0
2416   0
2417   6.103516E-04
2418   1.220703E-03
2419   1.220703E-03
2420   1.220703E-03
2421   1.220703E-03
2422   1.220703E-03
2423   6.103516E-04
2424   6.103516E-04
2425   0
2426   0
2427   0
2428   0
2429   -6.103516E-04
2430   0
2431   0
2432   0
2433   6.103516E-04
2434   6.103516E-04
2435   1.220703E-03
2436   1.220703E-03
2437   6.103516E-04
2438   1.220703E-03
2439   1.220703E-03
2440   6.103516E-04
2441   6.103516E-04
2442   0
2443   0
2444   0
2445   0
2446   -6.103516E-04
2447   0
2448   0
2449   0
2450   6.103516E-04
2451   6.103516E-04
2452   6.103516E-04
2453   1.220703E-03
2454   1.220703E-03
2455   1.220703E-03
2456   1.220703E-03
2457   6.103516E-04
2458   6.103516E-04
2459   0
2460   0
2461   -6.103516E-04
2462   0
2463   -6.103516E-04
2464   0
2465   6.103516E-04
2466   6.103516E-04
2467   0
2468   1.220703E-03
2469   1.220703E-03
2470   1.220703E-03
2471   1.220703E-03
2472   1.220703E-03
2473   1.220703E-03
2474   6.103516E-04
2475   6.103516E-04
2476   0
2477   0
2478   0
2479   -6.103516E-04
2480   0
2481   0
2482   0
2483   6.103516E-04
2484   6.103516E-04
2485   1.220703E-03
2486   1.220703E-03
2487   1.220703E-03
2488   1.220703E-03
2489   1.220703E-03
2490   1.220703E-03
2491   6.103516E-04
2492   0
2493   0
2494   0
2495   0
2496   0
2497   0
2498   0
2499   6.103516E-04
2500   6.103516E-04
2501   6.103516E-04
2502   1.220703E-03
2503   1.220703E-03
2504   1.220703E-03
2505   1.220703E-03
2506   1.220703E-03
2507   6.103516E-04
2508   6.103516E-04
2509   0
2510   -6.103516E-04
2511   0
2512   0
2513   -6.103516E-04
2514   0
2515   0
2516   0
2517   6.103516E-04
2518   6.103516E-04
2519   6.103516E-04
2520   1.220703E-03
2521   1.220703E-03
2522   1.220703E-03
2523   1.220703E-03
2524   6.103516E-04
2525   6.103516E-04
2526   0
2527   0
2528   0
2529   -6.103516E-04
2530   -6.103516E-04
2531   0
2532   0
2533   6.103516E-04
2534   6.103516E-04
2535   6.103516E-04
2536   1.220703E-03
2537   1.220703E-03
2538   1.220703E-03
2539   1.220703E-03
2540   6.103516E-04
2541   6.103516E-04
2542   6.103516E-04
2543   0
2544   0
2545   0
2546   -6.103516E-04
2547   0
2548   0
2549   6.103516E-04
2550   6.103516E-04
2551   6.103516E-04
2552   1.220703E-03
2553   1.220703E-03
2554   6.103516E-04
2555   1.220703E-03
2556   1.220703E-03
2557   6.103516E-04
2558   6.103516E-04
2559   0
2560   0
2561   0
2562   -6.103516E-04
2563   -6.103516E-04
2564   0
2565   0
2566   0
2567   6.103516E-04
2568   1.220703E-03
2569   1.220703E-03
2570   1.220703E-03
2571   1.220703E-03
2572   1.220703E-03
2573   1.220703E-03
2574   6.103516E-04
2575   0
2576   0
2577   0
2578   -6.103516E-04
2579   -6.103516E-04
2580   0
2581   -6.103516E-04
2582   0
2583   6.103516E-04
2584   6.103516E-04
2585   1.220703E-03
2586   1.220703E-03
2587   1.220703E-03
2588   1.220703E-03
2589   1.220703E-03
2590   1.220703E-03
2591   6.103516E-04
2592   6.103516E-04
2593   0
2594   0
2595   -6.103516E-04
2596   0
2597   0
2598   0
2599   6.103516E-04
2600   6.103516E-04
2601   6.103516E-04
2602   1.220703E-03
2603   1.220703E-03
2604   1.220703E-03
2605   1.220703E-03
2606   1.220703E-03
2607   6.103516E-04
2608   0
2609   6.103516E-04
2610   0
2611   0
2612   0
2613   -6.103516E-04
2614   0
2615   0
2616   6.103516E-04
2617   6.103516E-04
2618   6.103516E-04
2619   1.220703E-03
2620   1.220703E-03
2621   6.103516E-04
2622   1.220703E-03
2623   6.103516E-04
2624   6.103516E-04
2625   0
2626   0
2627   0
2628   0
2629   -6.103516E-04
2630   0
2631   -6.103516E-04
2632   0
2633   6.103516E-04
2634   6.103516E-04
2635   6.103516E-04
2636   1.220703E-03
2637   1.220703E-03
2638   6.103516E-04
2639   1.220703E-03
2640   1.220703E-03
2641   6.103516E-04
2642   0
2643   0
2644   0
2645   -6.103516E-04
2646   0
2647   0
2648   0
2649   6.103516E-04
2650   6.103516E-04
2651   6.103516E-04
2652   1.220703E-03
2653   1.220703E-03
2654   1.220703E-03
2655   1.220703E-03
2656   1.220703E-03
2657   6.103516E-04
2658   6.103516E-04
2659   0
2660   0
2661   -6.103516E-04
2662   0
2663   0
2664   0
2665   0
2666   6.103516E-04
2667   6.103516E-04
2668   6.103516E-04
2669   1.220703E-03
2670   1.220703E-03
2671   1.220703E-03
2672   6.103516E-04
2673   1.220703E-03
2674   6.103516E-04
2675   0
2676   0
2677   0
2678   -6.103516E-04
2679   0
2680   0
2681   0
2682   0
2683   6.103516E-04
2684   6.103516E-04
2685   1.220703E-03
2686   1.220703E-03
2687   1.220703E-03
2688   1.220703E-03
2689   6.103516E-04
2690   1.220703E-03
2691   0
2692   0
2693   0
2694   0
2695   0
2696   0
2697   -6.103516E-04
2698   0
2699   6.103516E-04
2700   6.103516E-04
2701   6.103516E-04
2702   1.220703E-03
2703   1.220703E-03
2704   6.103516E-04
2705   6.103516E-04
2706   1.220703E-03
2707   6.103516E-04
2708   0
2709   6.103516E-04
2710   0
2711   0
2712   -6.103516E-04
2713   0
2714   0
2715   0
2716   6.103516E-04
2717   6.103516E-04
2718   6.103516E-04
2719   1.220703E-03
2720   1.220703E-03
2721   1.220703E-03
2722   1.220703E-03
2723   6.103516E-04
2724   6.103516E-04
2725   6.103516E-04
2726   0
2727   0
2728   0
2729   0
2730   -6.103516E-04
2731   0
2732   0
2733   0
2734   6.103516E-04
2735   1.220703E-03
2736   6.103516E-04
2737   1.220703E-03
2738   1.220703E-03
2739   1.220703E-03
2740   6.103516E-04
2741   6.103516E-04
2742   0
2743   0
2744   0
2745   -6.103516E-04
2746   0
2747   0
2748   -6.103516E-04
2749   6.103516E-04
2750   6.103516E-04
2751   6.103516E-04
2752   6.103516E-04
2753   1.220703E-03
2754   1.220703E-03
2755   6.103516E-04
2756   6.103516E-04
2757   6.103516E-04
2758   6.103516E-04
2759   0
2760   0
2761   0
2762   -6.103516E-04
2763   0
2764   0
2765   0
2766   0
2767   6.103516E-04
2768   1.220703E-03
2769   1.220703E-03
2770   1.220703E-03
2771   1.220703E-03
2772   1.220703E-03
2773   6.103516E-04
2774   6.103516E-04
2775   6.103516E-04
2776   0
2777   0
2778   0
2779   0
2780   -6.103516E-04
2781   0
2782   0
2783   0
2784   6.103516E-04
2785   1.220703E-03
2786   1.220703E-03
2787   1.220703E-03
2788   1.220703E-03
2789   1.220703E-03
2790   6.103516E-04
2791   6.103516E-04
2792   6.103516E-04
2793   -6.103516E-04
2794   0
2795   0
2796   0
2797   0
2798   0
2799   0
2800   6.103516E-04
2801   6.103516E-04
2802   6.103516E-04
2803   1.220703E-03
2804   1.220703E-03
2805   1.220703E-03
2806   6.103516E-04
2807   6.103516E-04
2808   6.103516E-04
2809   0
2810   0
2811   0
2812   -6.103516E-04
2813   0
2814   0
2815   0
0   0
