-256   6.713867E-03
-255   7.324219E-03
-254   7.324219E-03
-253   7.324219E-03
-252   7.93457E-03
-251   7.93457E-03
-250   7.93457E-03
-249   7.93457E-03
-248   7.93457E-03
-247   7.324219E-03
-246   7.324219E-03
-245   6.713867E-03
-244   6.713867E-03
-243   6.713867E-03
-242   6.713867E-03
-241   6.713867E-03
-240   6.713867E-03
-239   6.713867E-03
-238   7.324219E-03
-237   7.324219E-03
-236   7.93457E-03
-235   7.93457E-03
-234   7.93457E-03
-233   7.93457E-03
-232   7.93457E-03
-231   7.93457E-03
-230   6.713867E-03
-229   7.324219E-03
-228   7.324219E-03
-227   6.713867E-03
-226   6.103516E-03
-225   6.103516E-03
-224   6.713867E-03
-223   6.713867E-03
-222   6.713867E-03
-221   7.93457E-03
-220   7.93457E-03
-219   7.93457E-03
-218   7.93457E-03
-217   8.544922E-03
-216   8.544922E-03
-215   8.544922E-03
-214   7.93457E-03
-213   7.324219E-03
-212   7.324219E-03
-211   7.324219E-03
-210   6.713867E-03
-209   6.713867E-03
-208   7.324219E-03
-207   6.713867E-03
-206   6.713867E-03
-205   7.324219E-03
-204   7.93457E-03
-203   7.93457E-03
-202   8.544922E-03
-201   8.544922E-03
-200   7.93457E-03
-199   8.544922E-03
-198   8.544922E-03
-197   7.93457E-03
-196   7.324219E-03
-195   7.324219E-03
-194   7.324219E-03
-193   6.713867E-03
-192   6.713867E-03
-191   7.324219E-03
-190   7.324219E-03
-189   7.324219E-03
-188   7.93457E-03
-187   7.93457E-03
-186   7.93457E-03
-185   8.544922E-03
-184   8.544922E-03
-183   8.544922E-03
-182   8.544922E-03
-181   7.93457E-03
-180   7.93457E-03
-179   7.324219E-03
-178   6.713867E-03
-177   6.713867E-03
-176   6.713867E-03
-175   6.713867E-03
-174   6.713867E-03
-173   6.713867E-03
-172   7.93457E-03
-171   7.93457E-03
-170   7.93457E-03
-169   7.93457E-03
-168   8.544922E-03
-167   8.544922E-03
-166   7.93457E-03
-165   8.544922E-03
-164   7.324219E-03
-163   7.324219E-03
-162   7.324219E-03
-161   7.324219E-03
-160   6.713867E-03
-159   6.103516E-03
-158   6.713867E-03
-157   6.713867E-03
-156   6.713867E-03
-155   7.324219E-03
-154   7.324219E-03
-153   7.93457E-03
-152   7.93457E-03
-151   7.93457E-03
-150   8.544922E-03
-149   7.93457E-03
-148   7.93457E-03
-147   7.93457E-03
-146   7.324219E-03
-145   7.324219E-03
-144   7.324219E-03
-143   6.713867E-03
-142   6.103516E-03
-141   6.713867E-03
-140   6.713867E-03
-139   7.324219E-03
-138   7.324219E-03
-137   7.93457E-03
-136   7.93457E-03
-135   8.544922E-03
-134   8.544922E-03
-133   8.544922E-03
-132   7.93457E-03
-131   7.93457E-03
-130   7.324219E-03
-129   7.324219E-03
-128   7.324219E-03
-127   6.713867E-03
-126   6.713867E-03
-125   6.713867E-03
-124   6.713867E-03
-123   6.713867E-03
-122   7.324219E-03
-121   7.93457E-03
-120   7.93457E-03
-119   7.93457E-03
-118   7.93457E-03
-117   8.544922E-03
-116   8.544922E-03
-115   7.93457E-03
-114   7.93457E-03
-113   7.324219E-03
-112   7.324219E-03
-111   6.713867E-03
-110   6.713867E-03
-109   7.324219E-03
-108   6.713867E-03
-107   6.713867E-03
-106   7.324219E-03
-105   7.324219E-03
-104   7.324219E-03
-103   7.93457E-03
-102   7.93457E-03
-101   7.93457E-03
-100   8.544922E-03
-99   8.544922E-03
-98   7.93457E-03
-97   7.93457E-03
-96   7.324219E-03
-95   7.93457E-03
-94   7.324219E-03
-93   6.713867E-03
-92   7.324219E-03
-91   7.324219E-03
-90   6.713867E-03
-89   7.93457E-03
-88   7.93457E-03
-87   7.93457E-03
-86   7.93457E-03
-85   8.544922E-03
-84   8.544922E-03
-83   8.544922E-03
-82   8.544922E-03
-81   8.544922E-03
-80   7.93457E-03
-79   7.324219E-03
-78   7.324219E-03
-77   7.324219E-03
-76   7.324219E-03
-75   6.713867E-03
-74   6.713867E-03
-73   7.324219E-03
-72   7.324219E-03
-71   7.93457E-03
-70   7.93457E-03
-69   7.93457E-03
-68   8.544922E-03
-67   8.544922E-03
-66   8.544922E-03
-65   8.544922E-03
-64   7.93457E-03
-63   7.324219E-03
-62   7.324219E-03
-61   7.324219E-03
-60   6.713867E-03
-59   6.103516E-03
-58   6.713867E-03
-57   7.324219E-03
-56   6.713867E-03
-55   7.324219E-03
-54   7.93457E-03
-53   7.93457E-03
-52   7.93457E-03
-51   7.93457E-03
-50   8.544922E-03
-49   7.93457E-03
-48   7.93457E-03
-47   7.324219E-03
-46   7.324219E-03
-45   7.324219E-03
-44   6.713867E-03
-43   6.713867E-03
-42   6.713867E-03
-41   6.713867E-03
-40   6.713867E-03
-39   6.713867E-03
-38   7.324219E-03
-37   7.93457E-03
-36   7.93457E-03
-35   7.93457E-03
-34   7.93457E-03
-33   8.544922E-03
-32   8.544922E-03
-31   7.93457E-03
-30   7.324219E-03
-29   6.713867E-03
-28   6.713867E-03
-27   6.713867E-03
-26   6.103516E-03
-25   6.103516E-03
-24   6.713867E-03
-23   7.324219E-03
-22   7.324219E-03
-21   7.324219E-03
-20   7.93457E-03
-19   7.93457E-03
-18   7.93457E-03
-17   7.93457E-03
-16   7.93457E-03
-15   7.93457E-03
-14   6.713867E-03
-13   7.324219E-03
-12   7.324219E-03
-11   6.713867E-03
-10   6.713867E-03
-9   6.713867E-03
-8   6.103516E-03
-7   6.713867E-03
-6   6.713867E-03
-5   6.713867E-03
-4   7.324219E-03
-3   7.324219E-03
-2   7.93457E-03
-1   -1.647949E-02
0   7.324219E-03
1   7.93457E-03
2   7.93457E-03
3   7.324219E-03
4   7.324219E-03
5   7.324219E-03
6   6.103516E-03
7   6.103516E-03
8   6.103516E-03
9   6.103516E-03
10   5.493164E-03
11   6.103516E-03
12   6.713867E-03
13   6.103516E-03
14   6.713867E-03
15   6.103516E-03
16   6.713867E-03
17   6.713867E-03
18   6.103516E-03
19   6.103516E-03
20   5.493164E-03
21   4.882813E-03
22   4.882813E-03
23   4.272461E-03
24   3.662109E-03
25   4.272461E-03
26   3.662109E-03
27   3.662109E-03
28   4.272461E-03
29   4.882813E-03
30   4.272461E-03
31   4.882813E-03
32   4.882813E-03
33   4.882813E-03
34   4.882813E-03
35   4.272461E-03
36   4.272461E-03
37   3.662109E-03
38   3.662109E-03
39   3.051758E-03
40   3.051758E-03
41   2.441406E-03
42   2.441406E-03
43   3.051758E-03
44   2.441406E-03
45   3.051758E-03
46   3.051758E-03
47   3.662109E-03
48   3.662109E-03
49   3.662109E-03
50   3.662109E-03
51   3.662109E-03
52   3.051758E-03
53   2.441406E-03
54   3.051758E-03
55   2.441406E-03
56   1.831055E-03
57   1.831055E-03
58   1.831055E-03
59   1.831055E-03
60   1.831055E-03
61   2.441406E-03
62   2.441406E-03
63   2.441406E-03
64   3.051758E-03
65   2.441406E-03
66   3.051758E-03
67   3.051758E-03
68   2.441406E-03
69   3.051758E-03
70   2.441406E-03
71   1.831055E-03
72   1.831055E-03
73   1.220703E-03
74   1.220703E-03
75   1.220703E-03
76   1.220703E-03
77   1.220703E-03
78   1.831055E-03
79   1.831055E-03
80   1.220703E-03
81   2.441406E-03
82   2.441406E-03
83   2.441406E-03
84   2.441406E-03
85   2.441406E-03
86   1.831055E-03
87   1.220703E-03
88   1.220703E-03
89   1.220703E-03
90   1.220703E-03
91   6.103516E-04
92   6.103516E-04
93   1.220703E-03
94   6.103516E-04
95   1.220703E-03
96   1.831055E-03
97   1.831055E-03
98   1.831055E-03
99   2.441406E-03
100   2.441406E-03
101   1.831055E-03
102   2.441406E-03
103   1.831055E-03
104   1.220703E-03
105   1.220703E-03
106   6.103516E-04
107   6.103516E-04
108   6.103516E-04
109   6.103516E-04
110   6.103516E-04
111   6.103516E-04
112   1.220703E-03
113   1.220703E-03
114   1.831055E-03
115   1.831055E-03
116   1.831055E-03
117   1.831055E-03
118   1.831055E-03
119   1.831055E-03
120   1.220703E-03
121   1.220703E-03
122   6.103516E-04
123   0
124   6.103516E-04
125   6.103516E-04
126   0
127   0
128   1.220703E-03
129   1.220703E-03
130   1.220703E-03
131   1.220703E-03
132   1.831055E-03
133   1.831055E-03
134   1.220703E-03
135   1.831055E-03
136   1.831055E-03
137   6.103516E-04
138   6.103516E-04
139   6.103516E-04
140   6.103516E-04
141   -6.103516E-04
142   6.103516E-04
143   6.103516E-04
144   6.103516E-04
145   6.103516E-04
146   1.220703E-03
147   1.220703E-03
148   1.220703E-03
149   1.220703E-03
150   1.831055E-03
151   1.831055E-03
152   1.220703E-03
153   1.220703E-03
154   1.220703E-03
155   6.103516E-04
156   0
157   0
158   0
159   6.103516E-04
160   6.103516E-04
161   0
162   6.103516E-04
163   1.220703E-03
164   1.220703E-03
165   1.220703E-03
166   1.831055E-03
167   1.831055E-03
168   1.220703E-03
169   1.220703E-03
170   6.103516E-04
171   6.103516E-04
172   6.103516E-04
173   0
174   0
175   0
176   0
177   0
178   6.103516E-04
179   6.103516E-04
180   6.103516E-04
181   1.220703E-03
182   1.831055E-03
183   1.831055E-03
184   1.220703E-03
185   1.220703E-03
186   1.220703E-03
187   6.103516E-04
188   0
189   0
190   0
191   0
192   0
193   0
194   0
195   0
196   6.103516E-04
197   1.220703E-03
198   1.220703E-03
199   1.220703E-03
200   1.220703E-03
201   1.220703E-03
202   1.220703E-03
203   6.103516E-04
204   6.103516E-04
205   6.103516E-04
206   0
207   -6.103516E-04
208   0
209   0
210   0
211   0
212   6.103516E-04
213   6.103516E-04
214   1.220703E-03
215   1.220703E-03
216   1.220703E-03
217   1.220703E-03
218   1.220703E-03
219   1.220703E-03
220   6.103516E-04
221   6.103516E-04
222   0
223   -6.103516E-04
224   0
225   0
226   0
227   0
228   6.103516E-04
229   6.103516E-04
230   1.220703E-03
231   1.220703E-03
232   1.220703E-03
233   1.220703E-03
234   1.220703E-03
235   1.220703E-03
236   1.220703E-03
237   6.103516E-04
238   0
239   0
240   0
241   0
242   -6.103516E-04
243   0
244   0
245   0
246   6.103516E-04
247   6.103516E-04
248   1.220703E-03
249   1.220703E-03
250   1.220703E-03
251   1.220703E-03
252   1.220703E-03
253   6.103516E-04
254   0
255   6.103516E-04
256   0
257   0
258   0
259   0
260   -6.103516E-04
261   0
262   6.103516E-04
263   6.103516E-04
264   1.220703E-03
265   1.220703E-03
266   1.220703E-03
267   1.220703E-03
268   1.220703E-03
269   1.220703E-03
270   6.103516E-04
271   0
272   0
273   0
274   -6.103516E-04
275   0
276   0
277   0
278   6.103516E-04
279   6.103516E-04
280   6.103516E-04
281   1.220703E-03
282   1.220703E-03
283   1.220703E-03
284   1.220703E-03
285   1.220703E-03
286   6.103516E-04
287   6.103516E-04
288   6.103516E-04
289   0
290   0
291   -6.103516E-04
292   0
293   0
294   0
295   0
296   6.103516E-04
297   0
298   6.103516E-04
299   1.831055E-03
300   1.220703E-03
301   1.220703E-03
302   1.220703E-03
303   6.103516E-04
304   6.103516E-04
305   0
306   0
307   -6.103516E-04
308   0
309   0
310   0
311   0
312   6.103516E-04
313   6.103516E-04
314   6.103516E-04
315   1.220703E-03
316   1.220703E-03
317   1.220703E-03
318   6.103516E-04
319   1.220703E-03
320   6.103516E-04
321   0
322   0
323   0
324   0
325   -6.103516E-04
326   0
327   0
328   0
329   0
330   0
331   1.220703E-03
332   1.220703E-03
333   1.220703E-03
334   1.220703E-03
335   1.220703E-03
336   1.220703E-03
337   6.103516E-04
338   0
339   0
340   -6.103516E-04
341   -6.103516E-04
342   -6.103516E-04
343   -6.103516E-04
344   0
345   0
346   0
347   6.103516E-04
348   1.220703E-03
349   1.220703E-03
350   1.220703E-03
351   1.220703E-03
352   6.103516E-04
353   6.103516E-04
354   6.103516E-04
355   0
356   0
357   0
358   0
359   0
360   -6.103516E-04
361   0
362   6.103516E-04
363   6.103516E-04
364   6.103516E-04
365   1.220703E-03
366   1.220703E-03
367   1.220703E-03
368   1.220703E-03
369   6.103516E-04
370   6.103516E-04
371   0
372   0
373   0
374   0
375   0
376   0
377   0
378   0
379   0
380   6.103516E-04
381   1.220703E-03
382   1.220703E-03
383   1.220703E-03
384   1.220703E-03
385   1.220703E-03
386   1.220703E-03
387   6.103516E-04
388   0
389   0
390   0
391   0
392   -6.103516E-04
393   0
394   0
395   0
396   0
397   6.103516E-04
398   1.220703E-03
399   1.220703E-03
400   6.103516E-04
401   1.220703E-03
402   1.220703E-03
403   6.103516E-04
404   6.103516E-04
405   0
406   0
407   0
408   0
409   0
410   -6.103516E-04
411   0
412   6.103516E-04
413   6.103516E-04
414   1.220703E-03
415   1.220703E-03
416   1.220703E-03
417   1.220703E-03
418   6.103516E-04
419   1.220703E-03
420   6.103516E-04
421   0
422   0
423   0
424   0
425   -6.103516E-04
426   -6.103516E-04
427   0
428   0
429   0
430   1.220703E-03
431   1.220703E-03
432   1.220703E-03
433   1.220703E-03
434   1.220703E-03
435   6.103516E-04
436   6.103516E-04
437   6.103516E-04
438   0
439   -6.103516E-04
440   0
441   -6.103516E-04
442   -6.103516E-04
443   0
444   0
445   0
446   6.103516E-04
447   6.103516E-04
448   6.103516E-04
449   1.220703E-03
450   1.220703E-03
451   1.220703E-03
452   1.220703E-03
453   6.103516E-04
454   0
455   0
456   0
457   -6.103516E-04
458   -6.103516E-04
459   0
460   0
461   0
462   6.103516E-04
463   6.103516E-04
464   1.220703E-03
465   1.220703E-03
466   1.220703E-03
467   6.103516E-04
468   1.220703E-03
469   1.220703E-03
470   6.103516E-04
471   0
472   0
473   -6.103516E-04
474   0
475   0
476   0
477   -6.103516E-04
478   0
479   0
480   0
481   6.103516E-04
482   1.220703E-03
483   1.220703E-03
484   1.220703E-03
485   1.220703E-03
486   6.103516E-04
487   6.103516E-04
488   0
489   0
490   0
491   -6.103516E-04
492   -6.103516E-04
493   0
494   -6.103516E-04
495   0
496   6.103516E-04
497   6.103516E-04
498   0
499   1.220703E-03
500   1.220703E-03
501   6.103516E-04
502   6.103516E-04
503   6.103516E-04
504   0
505   0
506   -6.103516E-04
507   -6.103516E-04
508   0
509   -6.103516E-04
510   0
511   0
512   6.103516E-04
513   6.103516E-04
514   6.103516E-04
515   1.220703E-03
516   1.220703E-03
517   1.220703E-03
518   1.220703E-03
519   6.103516E-04
520   6.103516E-04
521   0
522   0
523   -6.103516E-04
524   -6.103516E-04
525   0
526   0
527   0
528   0
529   0
530   6.103516E-04
531   1.220703E-03
532   1.220703E-03
533   1.220703E-03
534   1.220703E-03
535   1.220703E-03
536   6.103516E-04
537   6.103516E-04
538   0
539   0
540   -6.103516E-04
541   -6.103516E-04
542   -6.103516E-04
543   0
544   -6.103516E-04
545   6.103516E-04
546   6.103516E-04
547   6.103516E-04
548   1.220703E-03
549   1.220703E-03
550   1.220703E-03
551   1.220703E-03
552   1.220703E-03
553   6.103516E-04
554   0
555   6.103516E-04
556   0
557   0
558   0
559   -6.103516E-04
560   0
561   0
562   6.103516E-04
563   6.103516E-04
564   6.103516E-04
565   1.220703E-03
566   1.220703E-03
567   1.220703E-03
568   1.220703E-03
569   1.220703E-03
570   6.103516E-04
571   6.103516E-04
572   0
573   0
574   -6.103516E-04
575   -6.103516E-04
576   0
577   0
578   0
579   6.103516E-04
580   6.103516E-04
581   6.103516E-04
582   1.220703E-03
583   1.220703E-03
584   6.103516E-04
585   1.220703E-03
586   6.103516E-04
587   6.103516E-04
588   0
589   0
590   0
591   -6.103516E-04
592   0
593   0
594   -6.103516E-04
595   0
596   6.103516E-04
597   6.103516E-04
598   1.220703E-03
599   1.220703E-03
600   1.220703E-03
601   1.220703E-03
602   1.220703E-03
603   6.103516E-04
604   6.103516E-04
605   6.103516E-04
606   0
607   0
608   -6.103516E-04
609   0
610   0
611   -6.103516E-04
612   6.103516E-04
613   6.103516E-04
614   6.103516E-04
615   1.220703E-03
616   1.220703E-03
617   1.220703E-03
618   1.220703E-03
619   6.103516E-04
620   6.103516E-04
621   0
622   6.103516E-04
623   0
624   -6.103516E-04
625   -6.103516E-04
626   0
627   -6.103516E-04
628   0
629   6.103516E-04
630   6.103516E-04
631   1.220703E-03
632   6.103516E-04
633   1.220703E-03
634   1.220703E-03
635   1.220703E-03
636   6.103516E-04
637   6.103516E-04
638   0
639   0
640   -6.103516E-04
641   -6.103516E-04
642   0
643   0
644   0
645   0
646   6.103516E-04
647   6.103516E-04
648   1.220703E-03
649   1.220703E-03
650   1.220703E-03
651   1.220703E-03
652   6.103516E-04
653   6.103516E-04
654   6.103516E-04
655   0
656   0
657   -6.103516E-04
658   -6.103516E-04
659   0
660   -6.103516E-04
661   0
662   0
663   6.103516E-04
664   6.103516E-04
665   6.103516E-04
666   6.103516E-04
667   1.220703E-03
668   6.103516E-04
669   1.220703E-03
670   6.103516E-04
671   6.103516E-04
672   0
673   0
674   0
675   -6.103516E-04
676   -6.103516E-04
677   0
678   0
679   0
680   6.103516E-04
681   6.103516E-04
682   1.220703E-03
683   1.220703E-03
684   1.220703E-03
685   1.220703E-03
686   6.103516E-04
687   0
688   0
689   0
690   0
691   -6.103516E-04
692   0
693   -6.103516E-04
694   -6.103516E-04
695   6.103516E-04
696   6.103516E-04
697   6.103516E-04
698   1.220703E-03
699   6.103516E-04
700   1.220703E-03
701   1.220703E-03
702   1.220703E-03
703   6.103516E-04
704   6.103516E-04
705   6.103516E-04
706   0
707   -6.103516E-04
708   0
709   -6.103516E-04
710   0
711   0
712   0
713   6.103516E-04
714   6.103516E-04
715   1.220703E-03
716   1.220703E-03
717   6.103516E-04
718   1.220703E-03
719   1.220703E-03
720   0
721   6.103516E-04
722   0
723   0
724   0
725   -6.103516E-04
726   0
727   0
728   0
729   6.103516E-04
730   6.103516E-04
731   6.103516E-04
732   1.220703E-03
733   6.103516E-04
734   1.220703E-03
735   6.103516E-04
736   1.220703E-03
737   6.103516E-04
738   0
739   0
740   -6.103516E-04
741   -6.103516E-04
742   -6.103516E-04
743   -6.103516E-04
744   0
745   0
746   6.103516E-04
747   6.103516E-04
748   1.220703E-03
749   1.220703E-03
750   6.103516E-04
751   1.220703E-03
752   6.103516E-04
753   6.103516E-04
754   0
755   0
756   0
757   -6.103516E-04
758   0
759   0
760   -6.103516E-04
761   6.103516E-04
762   0
763   6.103516E-04
764   6.103516E-04
765   6.103516E-04
766   1.220703E-03
767   1.220703E-03
768   1.220703E-03
769   1.220703E-03
770   0
771   0
772   0
773   -6.103516E-04
774   0
775   -6.103516E-04
776   0
777   0
778   0
779   0
780   6.103516E-04
781   1.220703E-03
782   1.220703E-03
783   1.220703E-03
784   1.220703E-03
785   1.220703E-03
786   6.103516E-04
787   6.103516E-04
788   6.103516E-04
789   0
790   0
791   -6.103516E-04
792   0
793   -6.103516E-04
794   -6.103516E-04
795   6.103516E-04
796   6.103516E-04
797   6.103516E-04
798   1.220703E-03
799   1.220703E-03
800   1.220703E-03
801   1.220703E-03
802   6.103516E-04
803   6.103516E-04
804   6.103516E-04
805   0
806   0
807   -6.103516E-04
808   0
809   -6.103516E-04
810   0
811   0
812   0
813   6.103516E-04
814   6.103516E-04
815   1.220703E-03
816   1.220703E-03
817   1.220703E-03
818   1.220703E-03
819   6.103516E-04
820   6.103516E-04
821   0
822   0
823   0
824   -6.103516E-04
825   -6.103516E-04
826   0
827   -6.103516E-04
828   0
829   0
830   6.103516E-04
831   1.220703E-03
832   6.103516E-04
833   1.220703E-03
834   1.220703E-03
835   6.103516E-04
836   6.103516E-04
837   0
838   0
839   0
840   0
841   -6.103516E-04
842   0
843   0
844   0
845   6.103516E-04
846   6.103516E-04
847   6.103516E-04
848   6.103516E-04
849   6.103516E-04
850   1.220703E-03
851   1.220703E-03
852   6.103516E-04
853   6.103516E-04
854   0
855   0
856   0
857   -6.103516E-04
858   0
859   -6.103516E-04
860   0
861   0
862   0
863   0
864   1.220703E-03
865   1.220703E-03
866   1.220703E-03
867   1.220703E-03
868   6.103516E-04
869   1.220703E-03
870   0
871   0
872   0
873   -6.103516E-04
874   0
875   -6.103516E-04
876   -6.103516E-04
877   0
878   0
879   0
880   6.103516E-04
881   6.103516E-04
882   1.220703E-03
883   1.220703E-03
884   1.220703E-03
885   6.103516E-04
886   1.220703E-03
887   0
888   0
889   0
890   0
891   0
892   0
893   -6.103516E-04
894   0
895   0
896   6.103516E-04
897   6.103516E-04
898   1.220703E-03
899   6.103516E-04
900   1.220703E-03
901   1.220703E-03
902   6.103516E-04
903   0
904   0
905   0
906   0
907   -6.103516E-04
908   -6.103516E-04
909   0
910   -6.103516E-04
911   0
912   0
913   6.103516E-04
914   6.103516E-04
915   1.220703E-03
916   1.220703E-03
917   6.103516E-04
918   1.220703E-03
919   6.103516E-04
920   6.103516E-04
921   0
922   0
923   0
924   -6.103516E-04
925   0
926   -6.103516E-04
927   0
928   0
929   6.103516E-04
930   6.103516E-04
931   6.103516E-04
932   1.220703E-03
933   1.220703E-03
934   1.220703E-03
935   6.103516E-04
936   6.103516E-04
937   0
938   6.103516E-04
939   0
940   -6.103516E-04
941   -6.103516E-04
942   -6.103516E-04
943   -6.103516E-04
944   0
945   0
946   6.103516E-04
947   6.103516E-04
948   1.220703E-03
949   1.220703E-03
950   1.220703E-03
951   1.220703E-03
952   1.220703E-03
953   6.103516E-04
954   0
955   0
956   0
957   -6.103516E-04
958   0
959   0
960   0
961   0
962   0
963   6.103516E-04
964   6.103516E-04
965   1.220703E-03
966   1.220703E-03
967   1.220703E-03
968   6.103516E-04
969   1.220703E-03
970   0
971   0
972   0
973   0
974   -6.103516E-04
975   -6.103516E-04
976   0
977   -6.103516E-04
978   6.103516E-04
979   0
980   6.103516E-04
981   1.220703E-03
982   6.103516E-04
983   1.220703E-03
984   1.220703E-03
985   1.220703E-03
986   6.103516E-04
987   6.103516E-04
988   0
989   0
990   0
991   -6.103516E-04
992   -6.103516E-04
993   0
994   0
995   0
996   6.103516E-04
997   6.103516E-04
998   6.103516E-04
999   1.220703E-03
1000   1.220703E-03
1001   1.220703E-03
1002   1.220703E-03
1003   6.103516E-04
1004   0
1005   0
1006   0
1007   -6.103516E-04
1008   0
1009   0
1010   0
1011   0
1012   0
1013   6.103516E-04
1014   6.103516E-04
1015   1.220703E-03
1016   1.220703E-03
1017   6.103516E-04
1018   1.220703E-03
1019   1.220703E-03
1020   6.103516E-04
1021   0
1022   0
1023   -6.103516E-04
1024   0
1025   0
1026   0
1027   0
1028   0
1029   1.220703E-03
1030   6.103516E-04
1031   6.103516E-04
1032   1.220703E-03
1033   1.220703E-03
1034   1.220703E-03
1035   6.103516E-04
1036   6.103516E-04
1037   6.103516E-04
1038   0
1039   0
1040   -6.103516E-04
1041   0
1042   0
1043   -6.103516E-04
1044   -6.103516E-04
1045   0
1046   6.103516E-04
1047   6.103516E-04
1048   6.103516E-04
1049   1.220703E-03
1050   1.220703E-03
1051   1.220703E-03
1052   1.220703E-03
1053   6.103516E-04
1054   6.103516E-04
1055   0
1056   0
1057   -6.103516E-04
1058   0
1059   0
1060   -6.103516E-04
1061   0
1062   6.103516E-04
1063   6.103516E-04
1064   6.103516E-04
1065   6.103516E-04
1066   1.220703E-03
1067   1.220703E-03
1068   6.103516E-04
1069   1.220703E-03
1070   6.103516E-04
1071   0
1072   0
1073   0
1074   -6.103516E-04
1075   0
1076   -6.103516E-04
1077   0
1078   0
1079   0
1080   6.103516E-04
1081   1.220703E-03
1082   1.220703E-03
1083   1.220703E-03
1084   1.220703E-03
1085   1.220703E-03
1086   6.103516E-04
1087   0
1088   6.103516E-04
1089   0
1090   0
1091   -6.103516E-04
1092   0
1093   -6.103516E-04
1094   0
1095   0
1096   0
1097   0
1098   1.220703E-03
1099   1.220703E-03
1100   6.103516E-04
1101   1.220703E-03
1102   1.220703E-03
1103   6.103516E-04
1104   0
1105   0
1106   0
1107   -6.103516E-04
1108   -6.103516E-04
1109   -6.103516E-04
1110   0
1111   0
1112   6.103516E-04
1113   6.103516E-04
1114   6.103516E-04
1115   6.103516E-04
1116   1.220703E-03
1117   1.220703E-03
1118   6.103516E-04
1119   6.103516E-04
1120   6.103516E-04
1121   0
1122   0
1123   0
1124   0
1125   0
1126   -6.103516E-04
1127   0
1128   0
1129   6.103516E-04
1130   6.103516E-04
1131   6.103516E-04
1132   1.220703E-03
1133   1.220703E-03
1134   6.103516E-04
1135   1.220703E-03
1136   6.103516E-04
1137   6.103516E-04
1138   0
1139   0
1140   0
1141   -6.103516E-04
1142   -6.103516E-04
1143   -6.103516E-04
1144   0
1145   0
1146   0
1147   0
1148   1.220703E-03
1149   1.220703E-03
1150   1.220703E-03
1151   1.220703E-03
1152   6.103516E-04
1153   6.103516E-04
1154   0
1155   0
1156   0
1157   -6.103516E-04
1158   0
1159   -6.103516E-04
1160   -6.103516E-04
1161   0
1162   6.103516E-04
1163   6.103516E-04
1164   6.103516E-04
1165   1.220703E-03
1166   1.220703E-03
1167   1.220703E-03
1168   1.220703E-03
1169   1.220703E-03
1170   0
1171   6.103516E-04
1172   0
1173   -6.103516E-04
1174   0
1175   0
1176   0
1177   -6.103516E-04
1178   0
1179   6.103516E-04
1180   6.103516E-04
1181   1.220703E-03
1182   6.103516E-04
1183   1.220703E-03
1184   1.220703E-03
1185   1.220703E-03
1186   6.103516E-04
1187   0
1188   0
1189   0
1190   0
1191   -6.103516E-04
1192   0
1193   0
1194   0
1195   0
1196   0
1197   6.103516E-04
1198   1.220703E-03
1199   1.220703E-03
1200   1.220703E-03
1201   1.220703E-03
1202   1.220703E-03
1203   0
1204   6.103516E-04
1205   0
1206   0
1207   -6.103516E-04
1208   0
1209   0
1210   0
1211   0
1212   6.103516E-04
1213   0
1214   1.220703E-03
1215   1.220703E-03
1216   6.103516E-04
1217   1.220703E-03
1218   6.103516E-04
1219   6.103516E-04
1220   6.103516E-04
1221   6.103516E-04
1222   0
1223   -6.103516E-04
1224   0
1225   0
1226   0
1227   -6.103516E-04
1228   0
1229   6.103516E-04
1230   0
1231   6.103516E-04
1232   1.220703E-03
1233   1.220703E-03
1234   1.220703E-03
1235   6.103516E-04
1236   6.103516E-04
1237   6.103516E-04
1238   0
1239   -6.103516E-04
1240   -6.103516E-04
1241   0
1242   0
1243   0
1244   0
1245   0
1246   0
1247   6.103516E-04
1248   6.103516E-04
1249   1.220703E-03
1250   1.220703E-03
1251   6.103516E-04
1252   6.103516E-04
1253   6.103516E-04
1254   6.103516E-04
1255   0
1256   0
1257   0
1258   -6.103516E-04
1259   -6.103516E-04
1260   0
1261   0
1262   6.103516E-04
1263   -6.103516E-04
1264   6.103516E-04
1265   1.220703E-03
1266   1.220703E-03
1267   1.220703E-03
1268   1.220703E-03
1269   6.103516E-04
1270   6.103516E-04
1271   6.103516E-04
1272   0
1273   -6.103516E-04
1274   0
1275   0
1276   0
1277   -6.103516E-04
1278   0
1279   6.103516E-04
1280   6.103516E-04
1281   6.103516E-04
1282   1.220703E-03
1283   1.220703E-03
1284   1.220703E-03
1285   1.220703E-03
1286   6.103516E-04
1287   0
1288   0
1289   0
1290   0
1291   -6.103516E-04
1292   -6.103516E-04
1293   0
1294   0
1295   0
1296   6.103516E-04
1297   6.103516E-04
1298   6.103516E-04
1299   6.103516E-04
1300   1.220703E-03
1301   1.220703E-03
1302   1.220703E-03
1303   6.103516E-04
1304   0
1305   0
1306   0
1307   -6.103516E-04
1308   -6.103516E-04
1309   -6.103516E-04
1310   -6.103516E-04
1311   0
1312   0
1313   0
1314   6.103516E-04
1315   6.103516E-04
1316   1.220703E-03
1317   1.220703E-03
1318   6.103516E-04
1319   6.103516E-04
1320   6.103516E-04
1321   0
1322   0
1323   0
1324   -6.103516E-04
1325   -6.103516E-04
1326   0
1327   0
1328   0
1329   0
1330   6.103516E-04
1331   6.103516E-04
1332   1.220703E-03
1333   1.220703E-03
1334   1.220703E-03
1335   6.103516E-04
1336   1.220703E-03
1337   0
1338   0
1339   0
1340   0
1341   -6.103516E-04
1342   -6.103516E-04
1343   0
1344   0
1345   0
1346   6.103516E-04
1347   6.103516E-04
1348   1.220703E-03
1349   6.103516E-04
1350   1.220703E-03
1351   1.220703E-03
1352   6.103516E-04
1353   6.103516E-04
1354   0
1355   6.103516E-04
1356   0
1357   -6.103516E-04
1358   -6.103516E-04
1359   0
1360   0
1361   0
1362   0
1363   6.103516E-04
1364   6.103516E-04
1365   6.103516E-04
1366   1.220703E-03
1367   1.220703E-03
1368   1.220703E-03
1369   6.103516E-04
1370   0
1371   6.103516E-04
1372   0
1373   0
1374   -6.103516E-04
1375   0
1376   0
1377   -6.103516E-04
1378   0
1379   6.103516E-04
1380   6.103516E-04
1381   6.103516E-04
1382   1.220703E-03
1383   1.220703E-03
1384   1.220703E-03
1385   6.103516E-04
1386   6.103516E-04
1387   6.103516E-04
1388   0
1389   0
1390   0
1391   0
1392   -6.103516E-04
1393   0
1394   0
1395   0
1396   6.103516E-04
1397   0
1398   6.103516E-04
1399   1.220703E-03
1400   1.220703E-03
1401   6.103516E-04
1402   1.220703E-03
1403   6.103516E-04
1404   0
1405   0
1406   0
1407   0
1408   -6.103516E-04
1409   -6.103516E-04
1410   -6.103516E-04
1411   0
1412   0
1413   0
1414   6.103516E-04
1415   1.220703E-03
1416   1.220703E-03
1417   1.220703E-03
1418   1.220703E-03
1419   1.220703E-03
1420   6.103516E-04
1421   0
1422   0
1423   -6.103516E-04
1424   0
1425   0
1426   -6.103516E-04
1427   -6.103516E-04
1428   0
1429   6.103516E-04
1430   0
1431   6.103516E-04
1432   1.220703E-03
1433   1.220703E-03
1434   1.220703E-03
1435   1.220703E-03
1436   6.103516E-04
1437   0
1438   6.103516E-04
1439   0
1440   -6.103516E-04
1441   0
1442   0
1443   -6.103516E-04
1444   0
1445   0
1446   0
1447   6.103516E-04
1448   1.220703E-03
1449   1.220703E-03
1450   1.220703E-03
1451   6.103516E-04
1452   1.220703E-03
1453   6.103516E-04
1454   0
1455   6.103516E-04
1456   0
1457   -6.103516E-04
1458   0
1459   -6.103516E-04
1460   -6.103516E-04
1461   0
1462   6.103516E-04
1463   6.103516E-04
1464   6.103516E-04
1465   1.220703E-03
1466   1.220703E-03
1467   1.220703E-03
1468   1.220703E-03
1469   6.103516E-04
1470   0
1471   6.103516E-04
1472   0
1473   -6.103516E-04
1474   0
1475   0
1476   -6.103516E-04
1477   -6.103516E-04
1478   0
1479   0
1480   0
1481   1.220703E-03
1482   1.220703E-03
1483   6.103516E-04
1484   1.220703E-03
1485   1.220703E-03
1486   6.103516E-04
1487   6.103516E-04
1488   6.103516E-04
1489   0
1490   -6.103516E-04
1491   -6.103516E-04
1492   -6.103516E-04
1493   -6.103516E-04
1494   0
1495   0
1496   0
1497   6.103516E-04
1498   6.103516E-04
1499   6.103516E-04
1500   1.220703E-03
1501   6.103516E-04
1502   1.220703E-03
1503   6.103516E-04
1504   0
1505   0
1506   0
1507   0
1508   -6.103516E-04
1509   0
1510   0
1511   0
1512   0
1513   6.103516E-04
1514   6.103516E-04
1515   1.220703E-03
1516   1.220703E-03
1517   1.220703E-03
1518   6.103516E-04
1519   6.103516E-04
1520   6.103516E-04
1521   0
1522   0
1523   0
1524   -6.103516E-04
1525   0
1526   -6.103516E-04
1527   -6.103516E-04
1528   0
1529   6.103516E-04
1530   6.103516E-04
1531   6.103516E-04
1532   1.220703E-03
1533   1.220703E-03
1534   1.220703E-03
1535   6.103516E-04
1536   1.220703E-03
1537   6.103516E-04
1538   0
1539   0
1540   0
1541   -6.103516E-04
1542   -6.103516E-04
1543   -6.103516E-04
1544   0
1545   6.103516E-04
1546   0
1547   6.103516E-04
1548   1.220703E-03
1549   1.220703E-03
1550   1.220703E-03
1551   1.220703E-03
1552   1.220703E-03
1553   6.103516E-04
1554   0
1555   0
1556   0
1557   0
1558   -6.103516E-04
1559   -6.103516E-04
1560   0
1561   0
1562   0
1563   6.103516E-04
1564   6.103516E-04
1565   6.103516E-04
1566   1.220703E-03
1567   1.220703E-03
1568   1.220703E-03
1569   6.103516E-04
1570   6.103516E-04
1571   0
1572   -6.103516E-04
1573   0
1574   -6.103516E-04
1575   -6.103516E-04
1576   0
1577   0
1578   0
1579   6.103516E-04
1580   6.103516E-04
1581   6.103516E-04
1582   6.103516E-04
1583   1.220703E-03
1584   1.220703E-03
1585   6.103516E-04
1586   6.103516E-04
1587   6.103516E-04
1588   6.103516E-04
1589   0
1590   -6.103516E-04
1591   0
1592   -6.103516E-04
1593   0
1594   0
1595   6.103516E-04
1596   6.103516E-04
1597   6.103516E-04
1598   6.103516E-04
1599   1.220703E-03
1600   1.220703E-03
1601   1.220703E-03
1602   1.220703E-03
1603   6.103516E-04
1604   6.103516E-04
1605   0
1606   0
1607   0
1608   -6.103516E-04
1609   -6.103516E-04
1610   0
1611   0
1612   0
1613   6.103516E-04
1614   1.220703E-03
1615   6.103516E-04
1616   1.220703E-03
1617   1.220703E-03
1618   1.220703E-03
1619   1.220703E-03
1620   6.103516E-04
1621   0
1622   0
1623   0
1624   0
1625   0
1626   -6.103516E-04
1627   0
1628   0
1629   6.103516E-04
1630   0
1631   6.103516E-04
1632   1.220703E-03
1633   1.220703E-03
1634   1.220703E-03
1635   6.103516E-04
1636   6.103516E-04
1637   6.103516E-04
1638   0
1639   0
1640   0
1641   -6.103516E-04
1642   -6.103516E-04
1643   0
1644   -6.103516E-04
1645   0
1646   6.103516E-04
1647   1.220703E-03
1648   1.220703E-03
1649   1.220703E-03
1650   1.220703E-03
1651   1.220703E-03
1652   1.220703E-03
1653   6.103516E-04
1654   0
1655   6.103516E-04
1656   0
1657   -6.103516E-04
1658   -6.103516E-04
1659   -6.103516E-04
1660   0
1661   0
1662   0
1663   6.103516E-04
1664   1.220703E-03
1665   1.220703E-03
1666   6.103516E-04
1667   1.220703E-03
1668   1.220703E-03
1669   6.103516E-04
1670   6.103516E-04
1671   6.103516E-04
1672   0
1673   -1.220703E-03
1674   0
1675   -6.103516E-04
1676   -6.103516E-04
1677   -6.103516E-04
1678   0
1679   6.103516E-04
1680   6.103516E-04
1681   1.220703E-03
1682   6.103516E-04
1683   1.220703E-03
1684   1.220703E-03
1685   6.103516E-04
1686   6.103516E-04
1687   6.103516E-04
1688   0
1689   0
1690   -6.103516E-04
1691   -6.103516E-04
1692   0
1693   0
1694   0
1695   0
1696   6.103516E-04
1697   6.103516E-04
1698   6.103516E-04
1699   1.220703E-03
1700   1.220703E-03
1701   1.220703E-03
1702   1.220703E-03
1703   6.103516E-04
1704   0
1705   6.103516E-04
1706   -6.103516E-04
1707   -6.103516E-04
1708   0
1709   -6.103516E-04
1710   0
1711   0
1712   0
1713   6.103516E-04
1714   6.103516E-04
1715   6.103516E-04
1716   6.103516E-04
1717   1.220703E-03
1718   1.220703E-03
1719   6.103516E-04
1720   6.103516E-04
1721   6.103516E-04
1722   0
1723   -6.103516E-04
1724   0
1725   0
1726   -6.103516E-04
1727   0
1728   6.103516E-04
1729   6.103516E-04
1730   6.103516E-04
1731   1.220703E-03
1732   1.220703E-03
1733   1.220703E-03
1734   1.220703E-03
1735   6.103516E-04
1736   6.103516E-04
1737   6.103516E-04
1738   6.103516E-04
1739   0
1740   0
1741   0
1742   0
1743   0
1744   0
1745   0
1746   6.103516E-04
1747   0
1748   6.103516E-04
1749   1.220703E-03
1750   1.220703E-03
1751   6.103516E-04
1752   6.103516E-04
1753   6.103516E-04
1754   0
1755   0
1756   0
1757   0
1758   0
1759   0
1760   0
1761   0
1762   6.103516E-04
1763   6.103516E-04
1764   6.103516E-04
1765   6.103516E-04
1766   1.220703E-03
1767   6.103516E-04
1768   6.103516E-04
1769   6.103516E-04
1770   6.103516E-04
1771   0
1772   0
1773   0
1774   0
1775   -6.103516E-04
1776   0
1777   0
1778   0
1779   6.103516E-04
1780   6.103516E-04
1781   6.103516E-04
1782   6.103516E-04
1783   6.103516E-04
1784   1.220703E-03
1785   1.220703E-03
1786   6.103516E-04
1787   6.103516E-04
1788   6.103516E-04
1789   0
1790   0
1791   -6.103516E-04
1792   -6.103516E-04
1793   0
1794   0
1795   0
1796   0
1797   6.103516E-04
1798   1.220703E-03
1799   6.103516E-04
1800   6.103516E-04
1801   6.103516E-04
1802   6.103516E-04
1803   6.103516E-04
1804   0
1805   6.103516E-04
1806   0
1807   0
1808   -6.103516E-04
1809   0
1810   0
1811   0
1812   0
1813   6.103516E-04
1814   6.103516E-04
1815   6.103516E-04
1816   1.220703E-03
1817   6.103516E-04
1818   6.103516E-04
1819   6.103516E-04
1820   6.103516E-04
1821   0
1822   0
1823   0
1824   0
1825   0
1826   0
1827   -6.103516E-04
1828   6.103516E-04
1829   6.103516E-04
1830   6.103516E-04
1831   6.103516E-04
1832   1.220703E-03
1833   1.220703E-03
1834   0
1835   1.220703E-03
1836   6.103516E-04
1837   0
1838   0
1839   0
1840   0
1841   0
1842   0
1843   -6.103516E-04
1844   0
1845   6.103516E-04
1846   0
1847   6.103516E-04
1848   6.103516E-04
1849   1.220703E-03
1850   1.220703E-03
1851   6.103516E-04
1852   1.220703E-03
1853   1.220703E-03
1854   0
1855   0
1856   0
1857   -6.103516E-04
1858   0
1859   0
1860   -6.103516E-04
1861   0
1862   6.103516E-04
1863   6.103516E-04
1864   6.103516E-04
1865   1.220703E-03
1866   1.220703E-03
1867   6.103516E-04
1868   1.220703E-03
1869   1.220703E-03
1870   0
1871   0
1872   6.103516E-04
1873   0
1874   -6.103516E-04
1875   -6.103516E-04
1876   0
1877   -6.103516E-04
1878   0
1879   0
1880   0
1881   1.220703E-03
1882   6.103516E-04
1883   1.220703E-03
1884   1.220703E-03
1885   1.220703E-03
1886   6.103516E-04
1887   0
1888   6.103516E-04
1889   0
1890   0
1891   -6.103516E-04
1892   -6.103516E-04
1893   0
1894   0
1895   0
1896   6.103516E-04
1897   0
1898   1.220703E-03
1899   1.220703E-03
1900   6.103516E-04
1901   1.220703E-03
1902   1.220703E-03
1903   0
1904   0
1905   0
1906   0
1907   0
1908   -6.103516E-04
1909   0
1910   0
1911   0
1912   0
1913   6.103516E-04
1914   6.103516E-04
1915   1.220703E-03
1916   1.220703E-03
1917   1.220703E-03
1918   1.220703E-03
1919   6.103516E-04
1920   6.103516E-04
1921   0
1922   0
1923   0
1924   0
1925   0
1926   -6.103516E-04
1927   0
1928   0
1929   0
1930   0
1931   1.220703E-03
1932   1.220703E-03
1933   1.220703E-03
1934   6.103516E-04
1935   6.103516E-04
1936   6.103516E-04
1937   0
1938   0
1939   0
1940   0
1941   0
1942   0
1943   -6.103516E-04
1944   0
1945   6.103516E-04
1946   0
1947   0
1948   1.220703E-03
1949   6.103516E-04
1950   1.220703E-03
1951   1.220703E-03
1952   6.103516E-04
1953   6.103516E-04
1954   0
1955   0
1956   0
1957   0
1958   -6.103516E-04
1959   0
1960   0
1961   0
1962   6.103516E-04
1963   6.103516E-04
1964   6.103516E-04
1965   1.220703E-03
1966   1.220703E-03
1967   1.220703E-03
1968   6.103516E-04
1969   6.103516E-04
1970   6.103516E-04
1971   6.103516E-04
1972   -6.103516E-04
1973   0
1974   0
1975   -6.103516E-04
1976   0
1977   0
1978   0
1979   6.103516E-04
1980   6.103516E-04
1981   6.103516E-04
1982   6.103516E-04
1983   1.220703E-03
1984   1.220703E-03
1985   6.103516E-04
1986   1.220703E-03
1987   6.103516E-04
1988   0
1989   0
1990   0
1991   -6.103516E-04
1992   -6.103516E-04
1993   0
1994   0
1995   0
1996   0
1997   6.103516E-04
1998   6.103516E-04
1999   6.103516E-04
2000   1.220703E-03
2001   1.220703E-03
2002   6.103516E-04
2003   0
2004   0
2005   0
2006   -6.103516E-04
2007   0
2008   -6.103516E-04
2009   -6.103516E-04
2010   0
2011   0
2012   0
2013   6.103516E-04
2014   1.220703E-03
2015   1.220703E-03
2016   6.103516E-04
2017   1.220703E-03
2018   6.103516E-04
2019   6.103516E-04
2020   0
2021   6.103516E-04
2022   0
2023   -6.103516E-04
2024   -6.103516E-04
2025   0
2026   0
2027   -6.103516E-04
2028   0
2029   0
2030   6.103516E-04
2031   6.103516E-04
2032   1.220703E-03
2033   6.103516E-04
2034   1.220703E-03
2035   1.220703E-03
2036   6.103516E-04
2037   0
2038   0
2039   0
2040   0
2041   0
2042   -6.103516E-04
2043   0
2044   0
2045   0
2046   6.103516E-04
2047   6.103516E-04
2048   6.103516E-04
2049   6.103516E-04
2050   1.220703E-03
2051   6.103516E-04
2052   6.103516E-04
2053   1.220703E-03
2054   6.103516E-04
2055   0
2056   0
2057   0
2058   0
2059   0
2060   0
2061   0
2062   0
2063   6.103516E-04
2064   6.103516E-04
2065   6.103516E-04
2066   1.220703E-03
2067   1.220703E-03
2068   6.103516E-04
2069   1.220703E-03
2070   6.103516E-04
2071   0
2072   0
2073   0
2074   -6.103516E-04
2075   -6.103516E-04
2076   0
2077   0
2078   0
2079   0
2080   6.103516E-04
2081   6.103516E-04
2082   6.103516E-04
2083   1.220703E-03
2084   6.103516E-04
2085   1.220703E-03
2086   1.220703E-03
2087   0
2088   0
2089   0
2090   0
2091   0
2092   0
2093   0
2094   -6.103516E-04
2095   0
2096   6.103516E-04
2097   0
2098   6.103516E-04
2099   6.103516E-04
2100   1.220703E-03
2101   6.103516E-04
2102   6.103516E-04
2103   6.103516E-04
2104   0
2105   0
2106   0
2107   -6.103516E-04
2108   0
2109   0
2110   0
2111   0
2112   0
2113   6.103516E-04
2114   1.220703E-03
2115   1.220703E-03
2116   1.220703E-03
2117   1.220703E-03
2118   1.220703E-03
2119   6.103516E-04
2120   6.103516E-04
2121   0
2122   0
2123   0
2124   0
2125   -6.103516E-04
2126   0
2127   0
2128   0
2129   0
2130   6.103516E-04
2131   1.220703E-03
2132   1.220703E-03
2133   6.103516E-04
2134   1.220703E-03
2135   1.220703E-03
2136   6.103516E-04
2137   0
2138   0
2139   0
2140   -6.103516E-04
2141   0
2142   0
2143   -6.103516E-04
2144   -6.103516E-04
2145   6.103516E-04
2146   0
2147   6.103516E-04
2148   1.220703E-03
2149   6.103516E-04
2150   1.220703E-03
2151   6.103516E-04
2152   6.103516E-04
2153   6.103516E-04
2154   0
2155   0
2156   0
2157   -6.103516E-04
2158   0
2159   0
2160   0
2161   0
2162   0
2163   6.103516E-04
2164   6.103516E-04
2165   6.103516E-04
2166   1.220703E-03
2167   6.103516E-04
2168   6.103516E-04
2169   1.220703E-03
2170   0
2171   0
2172   0
2173   0
2174   0
2175   0
2176   -6.103516E-04
2177   0
2178   -6.103516E-04
2179   0
2180   6.103516E-04
2181   6.103516E-04
2182   1.220703E-03
2183   6.103516E-04
2184   1.220703E-03
2185   6.103516E-04
2186   6.103516E-04
2187   6.103516E-04
2188   0
2189   0
2190   0
2191   0
2192   0
2193   -6.103516E-04
2194   0
2195   6.103516E-04
2196   6.103516E-04
2197   6.103516E-04
2198   6.103516E-04
2199   6.103516E-04
2200   6.103516E-04
2201   6.103516E-04
2202   6.103516E-04
2203   6.103516E-04
2204   0
2205   0
2206   0
2207   0
2208   -6.103516E-04
2209   0
2210   0
2211   0
2212   0
2213   6.103516E-04
2214   6.103516E-04
2215   6.103516E-04
2216   1.220703E-03
2217   1.220703E-03
2218   6.103516E-04
2219   6.103516E-04
2220   6.103516E-04
2221   0
2222   0
2223   0
2224   0
2225   -6.103516E-04
2226   0
2227   0
2228   0
2229   0
2230   6.103516E-04
2231   6.103516E-04
2232   6.103516E-04
2233   1.220703E-03
2234   6.103516E-04
2235   6.103516E-04
2236   6.103516E-04
2237   6.103516E-04
2238   0
2239   0
2240   0
2241   -6.103516E-04
2242   0
2243   0
2244   0
2245   0
2246   6.103516E-04
2247   0
2248   6.103516E-04
2249   1.220703E-03
2250   1.220703E-03
2251   6.103516E-04
2252   6.103516E-04
2253   6.103516E-04
2254   0
2255   0
2256   0
2257   0
2258   0
2259   0
2260   0
2261   0
2262   0
2263   0
2264   6.103516E-04
2265   6.103516E-04
2266   1.220703E-03
2267   6.103516E-04
2268   6.103516E-04
2269   1.220703E-03
2270   6.103516E-04
2271   0
2272   0
2273   0
2274   0
2275   0
2276   -6.103516E-04
2277   0
2278   0
2279   0
2280   6.103516E-04
2281   6.103516E-04
2282   6.103516E-04
2283   1.220703E-03
2284   6.103516E-04
2285   6.103516E-04
2286   6.103516E-04
2287   6.103516E-04
2288   6.103516E-04
2289   0
2290   0
2291   0
2292   0
2293   0
2294   0
2295   -6.103516E-04
2296   0
2297   6.103516E-04
2298   6.103516E-04
2299   6.103516E-04
2300   1.220703E-03
2301   1.220703E-03
2302   6.103516E-04
2303   6.103516E-04
2304   6.103516E-04
2305   0
2306   0
2307   0
2308   0
2309   0
2310   0
2311   0
2312   0
2313   0
2314   6.103516E-04
2315   6.103516E-04
2316   6.103516E-04
2317   1.220703E-03
2318   6.103516E-04
2319   6.103516E-04
2320   6.103516E-04
2321   0
2322   0
2323   0
2324   0
2325   -6.103516E-04
2326   0
2327   0
2328   0
2329   0
2330   6.103516E-04
2331   6.103516E-04
2332   6.103516E-04
2333   1.220703E-03
2334   6.103516E-04
2335   6.103516E-04
2336   6.103516E-04
2337   6.103516E-04
2338   6.103516E-04
2339   0
2340   0
2341   0
2342   0
2343   0
2344   0
2345   6.103516E-04
2346   0
2347   0
2348   1.220703E-03
2349   6.103516E-04
2350   6.103516E-04
2351   6.103516E-04
2352   6.103516E-04
2353   6.103516E-04
2354   6.103516E-04
2355   6.103516E-04
2356   0
2357   0
2358   0
2359   -6.103516E-04
2360   0
2361   0
2362   0
2363   6.103516E-04
2364   6.103516E-04
2365   6.103516E-04
2366   1.220703E-03
2367   1.220703E-03
2368   6.103516E-04
2369   6.103516E-04
2370   6.103516E-04
2371   6.103516E-04
2372   0
2373   0
2374   0
2375   0
2376   0
2377   0
2378   0
2379   6.103516E-04
2380   6.103516E-04
2381   6.103516E-04
2382   1.220703E-03
2383   1.220703E-03
2384   1.220703E-03
2385   6.103516E-04
2386   6.103516E-04
2387   6.103516E-04
2388   0
2389   0
2390   0
2391   0
2392   -6.103516E-04
2393   0
2394   0
2395   0
2396   0
2397   1.220703E-03
2398   6.103516E-04
2399   6.103516E-04
2400   1.220703E-03
2401   6.103516E-04
2402   6.103516E-04
2403   6.103516E-04
2404   0
2405   0
2406   -6.103516E-04
2407   -6.103516E-04
2408   0
2409   0
2410   0
2411   0
2412   6.103516E-04
2413   0
2414   6.103516E-04
2415   1.220703E-03
2416   1.220703E-03
2417   6.103516E-04
2418   1.220703E-03
2419   1.220703E-03
2420   0
2421   0
2422   0
2423   0
2424   0
2425   0
2426   0
2427   0
2428   0
2429   6.103516E-04
2430   6.103516E-04
2431   6.103516E-04
2432   6.103516E-04
2433   6.103516E-04
2434   1.220703E-03
2435   1.220703E-03
2436   6.103516E-04
2437   0
2438   6.103516E-04
2439   0
2440   0
2441   0
2442   0
2443   0
2444   0
2445   0
2446   6.103516E-04
2447   0
2448   6.103516E-04
2449   1.220703E-03
2450   1.220703E-03
2451   6.103516E-04
2452   6.103516E-04
2453   6.103516E-04
2454   0
2455   0
2456   0
2457   0
2458   0
2459   0
2460   0
2461   0
2462   6.103516E-04
2463   0
2464   6.103516E-04
2465   6.103516E-04
2466   6.103516E-04
2467   6.103516E-04
2468   1.220703E-03
2469   6.103516E-04
2470   6.103516E-04
2471   0
2472   0
2473   0
2474   -6.103516E-04
2475   -6.103516E-04
2476   0
2477   0
2478   0
2479   6.103516E-04
2480   0
2481   1.220703E-03
2482   6.103516E-04
2483   1.220703E-03
2484   1.220703E-03
2485   6.103516E-04
2486   6.103516E-04
2487   6.103516E-04
2488   6.103516E-04
2489   0
2490   0
2491   0
2492   0
2493   0
2494   -6.103516E-04
2495   6.103516E-04
2496   0
2497   6.103516E-04
2498   6.103516E-04
2499   6.103516E-04
2500   6.103516E-04
2501   1.220703E-03
2502   6.103516E-04
2503   0
2504   6.103516E-04
2505   6.103516E-04
2506   0
2507   0
2508   0
2509   0
2510   0
2511   0
2512   0
2513   6.103516E-04
2514   6.103516E-04
2515   1.220703E-03
2516   1.220703E-03
2517   6.103516E-04
2518   6.103516E-04
2519   6.103516E-04
2520   6.103516E-04
2521   0
2522   6.103516E-04
2523   0
2524   0
2525   -6.103516E-04
2526   0
2527   0
2528   0
2529   0
2530   6.103516E-04
2531   6.103516E-04
2532   6.103516E-04
2533   1.220703E-03
2534   6.103516E-04
2535   6.103516E-04
2536   1.220703E-03
2537   0
2538   0
2539   6.103516E-04
2540   0
2541   -6.103516E-04
2542   -6.103516E-04
2543   0
2544   0
2545   0
2546   6.103516E-04
2547   6.103516E-04
2548   0
2549   1.220703E-03
2550   1.220703E-03
2551   6.103516E-04
2552   1.220703E-03
2553   6.103516E-04
2554   0
2555   0
2556   0
2557   -6.103516E-04
2558   -6.103516E-04
2559   0
2560   0
2561   0
2562   6.103516E-04
2563   6.103516E-04
2564   6.103516E-04
2565   1.220703E-03
2566   1.220703E-03
2567   1.220703E-03
2568   1.220703E-03
2569   6.103516E-04
2570   6.103516E-04
2571   6.103516E-04
2572   0
2573   0
2574   -6.103516E-04
2575   -6.103516E-04
2576   0
2577   -6.103516E-04
2578   0
2579   6.103516E-04
2580   6.103516E-04
2581   6.103516E-04
2582   6.103516E-04
2583   1.220703E-03
2584   1.220703E-03
2585   6.103516E-04
2586   1.220703E-03
2587   0
2588   6.103516E-04
2589   0
2590   -6.103516E-04
2591   0
2592   0
2593   -6.103516E-04
2594   0
2595   0
2596   6.103516E-04
2597   0
2598   6.103516E-04
2599   1.220703E-03
2600   6.103516E-04
2601   1.220703E-03
2602   1.220703E-03
2603   6.103516E-04
2604   6.103516E-04
2605   0
2606   -6.103516E-04
2607   0
2608   0
2609   0
2610   -6.103516E-04
2611   0
2612   6.103516E-04
2613   6.103516E-04
2614   6.103516E-04
2615   1.220703E-03
2616   1.220703E-03
2617   1.220703E-03
2618   6.103516E-04
2619   1.220703E-03
2620   6.103516E-04
2621   6.103516E-04
2622   0
2623   0
2624   -6.103516E-04
2625   0
2626   0
2627   -6.103516E-04
2628   0
2629   6.103516E-04
2630   6.103516E-04
2631   6.103516E-04
2632   1.220703E-03
2633   1.220703E-03
2634   6.103516E-04
2635   1.220703E-03
2636   1.220703E-03
2637   6.103516E-04
2638   6.103516E-04
2639   0
2640   0
2641   -6.103516E-04
2642   0
2643   0
2644   -6.103516E-04
2645   0
2646   6.103516E-04
2647   6.103516E-04
2648   6.103516E-04
2649   6.103516E-04
2650   1.220703E-03
2651   1.220703E-03
2652   6.103516E-04
2653   6.103516E-04
2654   6.103516E-04
2655   0
2656   -6.103516E-04
2657   0
2658   -6.103516E-04
2659   -6.103516E-04
2660   -6.103516E-04
2661   0
2662   6.103516E-04
2663   6.103516E-04
2664   0
2665   1.220703E-03
2666   1.220703E-03
2667   1.220703E-03
2668   1.220703E-03
2669   6.103516E-04
2670   6.103516E-04
2671   0
2672   0
2673   0
2674   -6.103516E-04
2675   -6.103516E-04
2676   -6.103516E-04
2677   0
2678   0
2679   6.103516E-04
2680   6.103516E-04
2681   6.103516E-04
2682   6.103516E-04
2683   1.220703E-03
2684   1.220703E-03
2685   1.220703E-03
2686   6.103516E-04
2687   6.103516E-04
2688   0
2689   0
2690   0
2691   0
2692   -6.103516E-04
2693   0
2694   0
2695   0
2696   0
2697   6.103516E-04
2698   6.103516E-04
2699   1.220703E-03
2700   1.220703E-03
2701   1.220703E-03
2702   1.220703E-03
2703   6.103516E-04
2704   6.103516E-04
2705   0
2706   0
2707   -6.103516E-04
2708   -6.103516E-04
2709   0
2710   0
2711   -6.103516E-04
2712   0
2713   0
2714   6.103516E-04
2715   1.220703E-03
2716   1.220703E-03
2717   1.220703E-03
2718   1.220703E-03
2719   1.220703E-03
2720   0
2721   0
2722   0
2723   0
2724   -6.103516E-04
2725   0
2726   0
2727   0
2728   0
2729   6.103516E-04
2730   6.103516E-04
2731   6.103516E-04
2732   6.103516E-04
2733   1.220703E-03
2734   1.220703E-03
2735   6.103516E-04
2736   6.103516E-04
2737   6.103516E-04
2738   0
2739   -6.103516E-04
2740   0
2741   0
2742   -6.103516E-04
2743   -6.103516E-04
2744   0
2745   6.103516E-04
2746   6.103516E-04
2747   6.103516E-04
2748   1.220703E-03
2749   6.103516E-04
2750   1.220703E-03
2751   1.220703E-03
2752   1.220703E-03
2753   6.103516E-04
2754   6.103516E-04
2755   0
2756   0
2757   -6.103516E-04
2758   -6.103516E-04
2759   -6.103516E-04
2760   -6.103516E-04
2761   0
2762   0
2763   0
2764   1.220703E-03
2765   1.220703E-03
2766   1.220703E-03
2767   1.220703E-03
2768   6.103516E-04
2769   1.220703E-03
2770   6.103516E-04
2771   0
2772   6.103516E-04
2773   0
2774   -6.103516E-04
2775   0
2776   -6.103516E-04
2777   -6.103516E-04
2778   0
2779   6.103516E-04
2780   6.103516E-04
2781   0
2782   1.220703E-03
2783   1.220703E-03
2784   1.220703E-03
2785   1.220703E-03
2786   6.103516E-04
2787   6.103516E-04
2788   0
2789   0
2790   0
2791   -6.103516E-04
2792   -6.103516E-04
2793   0
2794   0
2795   0
2796   6.103516E-04
2797   6.103516E-04
2798   6.103516E-04
2799   1.220703E-03
2800   1.220703E-03
2801   6.103516E-04
2802   1.220703E-03
2803   6.103516E-04
2804   0
2805   0
2806   0
2807   -6.103516E-04
2808   -6.103516E-04
2809   0
2810   -6.103516E-04
2811   0
2812   0
2813   0
2814   1.220703E-03
2815   6.103516E-04
0   0
