-256   3.662109E-03
-255   3.051758E-03
-254   3.662109E-03
-253   3.662109E-03
-252   3.662109E-03
-251   4.882813E-03
-250   4.882813E-03
-249   5.493164E-03
-248   6.103516E-03
-247   6.103516E-03
-246   6.713867E-03
-245   6.103516E-03
-244   6.713867E-03
-243   6.713867E-03
-242   6.103516E-03
-241   6.103516E-03
-240   5.493164E-03
-239   5.493164E-03
-238   5.493164E-03
-237   6.103516E-03
-236   6.103516E-03
-235   6.103516E-03
-234   6.713867E-03
-233   6.713867E-03
-232   7.324219E-03
-231   7.324219E-03
-230   7.93457E-03
-229   7.324219E-03
-228   7.324219E-03
-227   7.93457E-03
-226   7.324219E-03
-225   7.324219E-03
-224   6.713867E-03
-223   6.103516E-03
-222   6.103516E-03
-221   6.103516E-03
-220   6.103516E-03
-219   6.713867E-03
-218   7.324219E-03
-217   7.324219E-03
-216   7.324219E-03
-215   7.93457E-03
-214   7.93457E-03
-213   7.93457E-03
-212   8.544922E-03
-211   7.93457E-03
-210   7.93457E-03
-209   7.324219E-03
-208   7.324219E-03
-207   7.324219E-03
-206   6.713867E-03
-205   6.713867E-03
-204   6.713867E-03
-203   6.713867E-03
-202   6.713867E-03
-201   7.324219E-03
-200   7.93457E-03
-199   7.93457E-03
-198   7.93457E-03
-197   8.544922E-03
-196   8.544922E-03
-195   8.544922E-03
-194   8.544922E-03
-193   8.544922E-03
-192   7.324219E-03
-191   7.93457E-03
-190   7.324219E-03
-189   6.713867E-03
-188   6.713867E-03
-187   7.324219E-03
-186   6.713867E-03
-185   7.324219E-03
-184   7.93457E-03
-183   7.93457E-03
-182   8.544922E-03
-181   8.544922E-03
-180   8.544922E-03
-179   9.155273E-03
-178   8.544922E-03
-177   8.544922E-03
-176   8.544922E-03
-175   7.93457E-03
-174   7.324219E-03
-173   7.324219E-03
-172   7.93457E-03
-171   7.324219E-03
-170   7.93457E-03
-169   7.324219E-03
-168   7.93457E-03
-167   7.93457E-03
-166   7.93457E-03
-165   9.155273E-03
-164   9.155273E-03
-163   9.155273E-03
-162   9.155273E-03
-161   9.155273E-03
-160   8.544922E-03
-159   8.544922E-03
-158   8.544922E-03
-157   7.93457E-03
-156   7.93457E-03
-155   7.93457E-03
-154   7.324219E-03
-153   7.324219E-03
-152   7.93457E-03
-151   7.93457E-03
-150   8.544922E-03
-149   8.544922E-03
-148   9.155273E-03
-147   9.155273E-03
-146   9.765625E-03
-145   9.155273E-03
-144   8.544922E-03
-143   8.544922E-03
-142   8.544922E-03
-141   8.544922E-03
-140   8.544922E-03
-139   7.93457E-03
-138   7.324219E-03
-137   7.93457E-03
-136   7.93457E-03
-135   7.93457E-03
-134   8.544922E-03
-133   8.544922E-03
-132   9.155273E-03
-131   9.155273E-03
-130   9.155273E-03
-129   9.765625E-03
-128   9.765625E-03
-127   9.155273E-03
-126   9.155273E-03
-125   8.544922E-03
-124   8.544922E-03
-123   7.93457E-03
-122   7.93457E-03
-121   7.93457E-03
-120   7.93457E-03
-119   7.93457E-03
-118   8.544922E-03
-117   8.544922E-03
-116   8.544922E-03
-115   9.155273E-03
-114   8.544922E-03
-113   9.765625E-03
-112   9.155273E-03
-111   9.155273E-03
-110   9.155273E-03
-109   9.155273E-03
-108   8.544922E-03
-107   7.93457E-03
-106   7.93457E-03
-105   7.93457E-03
-104   7.324219E-03
-103   7.93457E-03
-102   7.93457E-03
-101   7.93457E-03
-100   8.544922E-03
-99   8.544922E-03
-98   9.155273E-03
-97   9.155273E-03
-96   9.155273E-03
-95   9.155273E-03
-94   8.544922E-03
-93   9.155273E-03
-92   8.544922E-03
-91   7.93457E-03
-90   7.93457E-03
-89   7.93457E-03
-88   7.324219E-03
-87   7.324219E-03
-86   7.93457E-03
-85   7.93457E-03
-84   8.544922E-03
-83   8.544922E-03
-82   8.544922E-03
-81   9.155273E-03
-80   9.155273E-03
-79   9.155273E-03
-78   9.155273E-03
-77   9.155273E-03
-76   8.544922E-03
-75   8.544922E-03
-74   7.93457E-03
-73   7.324219E-03
-72   7.93457E-03
-71   7.324219E-03
-70   7.93457E-03
-69   7.93457E-03
-68   7.93457E-03
-67   8.544922E-03
-66   8.544922E-03
-65   9.155273E-03
-64   9.155273E-03
-63   9.155273E-03
-62   9.155273E-03
-61   8.544922E-03
-60   9.155273E-03
-59   8.544922E-03
-58   8.544922E-03
-57   7.93457E-03
-56   7.93457E-03
-55   7.93457E-03
-54   7.324219E-03
-53   7.93457E-03
-52   7.93457E-03
-51   8.544922E-03
-50   8.544922E-03
-49   8.544922E-03
-48   9.155273E-03
-47   9.155273E-03
-46   9.155273E-03
-45   9.155273E-03
-44   9.155273E-03
-43   9.155273E-03
-42   8.544922E-03
-41   8.544922E-03
-40   7.93457E-03
-39   7.93457E-03
-38   7.93457E-03
-37   7.93457E-03
-36   7.93457E-03
-35   7.93457E-03
-34   8.544922E-03
-33   9.155273E-03
-32   8.544922E-03
-31   9.155273E-03
-30   9.155273E-03
-29   9.155273E-03
-28   9.155273E-03
-27   9.155273E-03
-26   8.544922E-03
-25   8.544922E-03
-24   8.544922E-03
-23   7.93457E-03
-22   7.93457E-03
-21   7.93457E-03
-20   7.93457E-03
-19   7.93457E-03
-18   7.93457E-03
-17   8.544922E-03
-16   8.544922E-03
-15   9.155273E-03
-14   9.155273E-03
-13   9.155273E-03
-12   9.155273E-03
-11   8.544922E-03
-10   9.155273E-03
-9   7.93457E-03
-8   8.544922E-03
-7   7.93457E-03
-6   7.324219E-03
-5   7.324219E-03
-4   7.324219E-03
-3   7.93457E-03
-2   7.93457E-03
-1   1.831055E-02
0   2.441406E-03
1   8.544922E-03
2   8.544922E-03
3   9.155273E-03
4   9.155273E-03
5   9.155273E-03
6   8.544922E-03
7   8.544922E-03
8   7.93457E-03
9   7.93457E-03
10   7.324219E-03
11   6.713867E-03
12   6.103516E-03
13   6.713867E-03
14   6.103516E-03
15   6.103516E-03
16   6.103516E-03
17   6.713867E-03
18   6.713867E-03
19   6.713867E-03
20   7.324219E-03
21   6.713867E-03
22   6.713867E-03
23   6.713867E-03
24   5.493164E-03
25   5.493164E-03
26   4.882813E-03
27   4.882813E-03
28   3.662109E-03
29   4.272461E-03
30   4.272461E-03
31   3.662109E-03
32   4.272461E-03
33   4.882813E-03
34   4.272461E-03
35   4.882813E-03
36   4.882813E-03
37   4.882813E-03
38   4.882813E-03
39   4.882813E-03
40   4.882813E-03
41   3.662109E-03
42   3.662109E-03
43   3.051758E-03
44   3.051758E-03
45   2.441406E-03
46   2.441406E-03
47   2.441406E-03
48   2.441406E-03
49   3.051758E-03
50   3.051758E-03
51   3.051758E-03
52   3.662109E-03
53   3.662109E-03
54   3.662109E-03
55   3.662109E-03
56   3.051758E-03
57   3.662109E-03
58   3.051758E-03
59   2.441406E-03
60   2.441406E-03
61   1.831055E-03
62   1.831055E-03
63   1.831055E-03
64   1.831055E-03
65   1.831055E-03
66   2.441406E-03
67   2.441406E-03
68   2.441406E-03
69   3.051758E-03
70   3.051758E-03
71   3.051758E-03
72   3.051758E-03
73   3.051758E-03
74   2.441406E-03
75   1.831055E-03
76   1.831055E-03
77   1.220703E-03
78   1.220703E-03
79   6.103516E-04
80   1.220703E-03
81   1.220703E-03
82   1.220703E-03
83   2.441406E-03
84   2.441406E-03
85   2.441406E-03
86   2.441406E-03
87   2.441406E-03
88   2.441406E-03
89   2.441406E-03
90   2.441406E-03
91   1.831055E-03
92   1.220703E-03
93   1.220703E-03
94   6.103516E-04
95   6.103516E-04
96   1.220703E-03
97   6.103516E-04
98   6.103516E-04
99   1.220703E-03
100   1.220703E-03
101   1.831055E-03
102   2.441406E-03
103   2.441406E-03
104   2.441406E-03
105   2.441406E-03
106   2.441406E-03
107   1.831055E-03
108   1.220703E-03
109   1.220703E-03
110   6.103516E-04
111   1.220703E-03
112   6.103516E-04
113   6.103516E-04
114   6.103516E-04
115   6.103516E-04
116   1.831055E-03
117   1.220703E-03
118   1.831055E-03
119   1.831055E-03
120   1.831055E-03
121   1.831055E-03
122   1.831055E-03
123   1.831055E-03
124   1.220703E-03
125   1.220703E-03
126   1.220703E-03
127   0
128   6.103516E-04
129   6.103516E-04
130   0
131   6.103516E-04
132   1.220703E-03
133   6.103516E-04
134   1.220703E-03
135   1.220703E-03
136   1.831055E-03
137   1.831055E-03
138   1.831055E-03
139   1.831055E-03
140   1.831055E-03
141   1.220703E-03
142   6.103516E-04
143   6.103516E-04
144   0
145   0
146   0
147   0
148   6.103516E-04
149   6.103516E-04
150   6.103516E-04
151   1.220703E-03
152   1.831055E-03
153   1.220703E-03
154   1.831055E-03
155   1.831055E-03
156   1.220703E-03
157   1.220703E-03
158   1.220703E-03
159   6.103516E-04
160   0
161   0
162   0
163   0
164   0
165   0
166   6.103516E-04
167   6.103516E-04
168   1.220703E-03
169   1.831055E-03
170   1.831055E-03
171   1.831055E-03
172   1.220703E-03
173   1.831055E-03
174   6.103516E-04
175   6.103516E-04
176   6.103516E-04
177   0
178   0
179   0
180   0
181   0
182   6.103516E-04
183   1.220703E-03
184   6.103516E-04
185   1.220703E-03
186   1.220703E-03
187   1.220703E-03
188   1.831055E-03
189   1.220703E-03
190   1.220703E-03
191   6.103516E-04
192   0
193   0
194   0
195   0
196   0
197   0
198   0
199   6.103516E-04
200   6.103516E-04
201   6.103516E-04
202   1.220703E-03
203   1.831055E-03
204   1.220703E-03
205   1.831055E-03
206   1.220703E-03
207   6.103516E-04
208   6.103516E-04
209   6.103516E-04
210   0
211   0
212   0
213   -6.103516E-04
214   0
215   0
216   6.103516E-04
217   6.103516E-04
218   1.220703E-03
219   1.220703E-03
220   1.220703E-03
221   1.220703E-03
222   1.220703E-03
223   1.220703E-03
224   6.103516E-04
225   6.103516E-04
226   0
227   0
228   0
229   0
230   0
231   0
232   0
233   6.103516E-04
234   6.103516E-04
235   1.220703E-03
236   1.220703E-03
237   1.220703E-03
238   1.220703E-03
239   1.220703E-03
240   1.220703E-03
241   6.103516E-04
242   6.103516E-04
243   0
244   0
245   -6.103516E-04
246   -6.103516E-04
247   0
248   0
249   6.103516E-04
250   6.103516E-04
251   6.103516E-04
252   6.103516E-04
253   1.220703E-03
254   1.220703E-03
255   1.220703E-03
256   1.220703E-03
257   1.220703E-03
258   0
259   6.103516E-04
260   0
261   0
262   0
263   0
264   0
265   0
266   0
267   6.103516E-04
268   1.220703E-03
269   6.103516E-04
270   1.220703E-03
271   1.220703E-03
272   1.220703E-03
273   1.220703E-03
274   6.103516E-04
275   0
276   6.103516E-04
277   0
278   0
279   0
280   0
281   -6.103516E-04
282   0
283   0
284   6.103516E-04
285   1.220703E-03
286   1.220703E-03
287   1.220703E-03
288   1.831055E-03
289   1.220703E-03
290   1.220703E-03
291   6.103516E-04
292   6.103516E-04
293   0
294   0
295   0
296   -6.103516E-04
297   0
298   0
299   0
300   6.103516E-04
301   6.103516E-04
302   1.220703E-03
303   1.220703E-03
304   1.220703E-03
305   1.220703E-03
306   1.220703E-03
307   6.103516E-04
308   6.103516E-04
309   0
310   0
311   0
312   -6.103516E-04
313   0
314   0
315   0
316   0
317   6.103516E-04
318   6.103516E-04
319   1.220703E-03
320   1.220703E-03
321   1.220703E-03
322   1.220703E-03
323   1.220703E-03
324   6.103516E-04
325   6.103516E-04
326   0
327   0
328   0
329   -6.103516E-04
330   0
331   0
332   0
333   6.103516E-04
334   6.103516E-04
335   1.220703E-03
336   1.220703E-03
337   6.103516E-04
338   1.220703E-03
339   1.220703E-03
340   6.103516E-04
341   6.103516E-04
342   6.103516E-04
343   0
344   0
345   0
346   -6.103516E-04
347   0
348   0
349   0
350   6.103516E-04
351   6.103516E-04
352   6.103516E-04
353   1.220703E-03
354   1.220703E-03
355   1.220703E-03
356   1.220703E-03
357   6.103516E-04
358   0
359   6.103516E-04
360   0
361   -6.103516E-04
362   0
363   -6.103516E-04
364   0
365   0
366   0
367   6.103516E-04
368   6.103516E-04
369   1.220703E-03
370   1.220703E-03
371   1.220703E-03
372   1.220703E-03
373   6.103516E-04
374   6.103516E-04
375   6.103516E-04
376   0
377   0
378   -6.103516E-04
379   0
380   -6.103516E-04
381   0
382   0
383   0
384   6.103516E-04
385   1.220703E-03
386   1.220703E-03
387   1.220703E-03
388   1.220703E-03
389   1.220703E-03
390   6.103516E-04
391   6.103516E-04
392   0
393   0
394   0
395   -6.103516E-04
396   0
397   -6.103516E-04
398   -6.103516E-04
399   0
400   6.103516E-04
401   6.103516E-04
402   1.220703E-03
403   1.220703E-03
404   1.220703E-03
405   1.220703E-03
406   1.220703E-03
407   6.103516E-04
408   6.103516E-04
409   0
410   0
411   0
412   -6.103516E-04
413   -6.103516E-04
414   0
415   0
416   0
417   6.103516E-04
418   0
419   1.220703E-03
420   1.220703E-03
421   6.103516E-04
422   1.220703E-03
423   6.103516E-04
424   6.103516E-04
425   0
426   0
427   0
428   0
429   -6.103516E-04
430   0
431   0
432   0
433   0
434   6.103516E-04
435   1.220703E-03
436   6.103516E-04
437   1.220703E-03
438   1.220703E-03
439   1.220703E-03
440   1.220703E-03
441   6.103516E-04
442   0
443   0
444   0
445   -6.103516E-04
446   -6.103516E-04
447   0
448   0
449   0
450   6.103516E-04
451   6.103516E-04
452   6.103516E-04
453   6.103516E-04
454   1.220703E-03
455   1.220703E-03
456   1.220703E-03
457   6.103516E-04
458   0
459   6.103516E-04
460   0
461   0
462   -6.103516E-04
463   0
464   0
465   0
466   0
467   6.103516E-04
468   6.103516E-04
469   6.103516E-04
470   1.220703E-03
471   1.220703E-03
472   6.103516E-04
473   1.220703E-03
474   6.103516E-04
475   0
476   0
477   0
478   -6.103516E-04
479   -6.103516E-04
480   -6.103516E-04
481   -6.103516E-04
482   0
483   0
484   6.103516E-04
485   1.220703E-03
486   1.220703E-03
487   1.220703E-03
488   1.220703E-03
489   1.220703E-03
490   6.103516E-04
491   6.103516E-04
492   0
493   0
494   -6.103516E-04
495   0
496   -6.103516E-04
497   -6.103516E-04
498   0
499   0
500   6.103516E-04
501   6.103516E-04
502   6.103516E-04
503   1.220703E-03
504   1.220703E-03
505   6.103516E-04
506   6.103516E-04
507   1.220703E-03
508   6.103516E-04
509   0
510   0
511   0
512   0
513   -6.103516E-04
514   0
515   0
516   0
517   6.103516E-04
518   6.103516E-04
519   6.103516E-04
520   1.220703E-03
521   1.220703E-03
522   6.103516E-04
523   1.220703E-03
524   6.103516E-04
525   6.103516E-04
526   0
527   0
528   0
529   -6.103516E-04
530   0
531   0
532   -6.103516E-04
533   6.103516E-04
534   6.103516E-04
535   1.220703E-03
536   6.103516E-04
537   1.220703E-03
538   1.220703E-03
539   1.220703E-03
540   1.220703E-03
541   6.103516E-04
542   0
543   0
544   0
545   -6.103516E-04
546   -6.103516E-04
547   0
548   -6.103516E-04
549   0
550   6.103516E-04
551   6.103516E-04
552   1.220703E-03
553   1.220703E-03
554   1.220703E-03
555   1.220703E-03
556   6.103516E-04
557   6.103516E-04
558   6.103516E-04
559   0
560   0
561   0
562   0
563   -6.103516E-04
564   0
565   -6.103516E-04
566   6.103516E-04
567   6.103516E-04
568   6.103516E-04
569   1.220703E-03
570   1.220703E-03
571   1.220703E-03
572   1.220703E-03
573   6.103516E-04
574   6.103516E-04
575   6.103516E-04
576   0
577   0
578   0
579   -6.103516E-04
580   0
581   -6.103516E-04
582   -6.103516E-04
583   6.103516E-04
584   6.103516E-04
585   1.220703E-03
586   1.220703E-03
587   1.220703E-03
588   6.103516E-04
589   1.220703E-03
590   1.220703E-03
591   6.103516E-04
592   6.103516E-04
593   0
594   -6.103516E-04
595   -6.103516E-04
596   -6.103516E-04
597   0
598   0
599   0
600   6.103516E-04
601   0
602   6.103516E-04
603   1.220703E-03
604   1.220703E-03
605   1.220703E-03
606   1.220703E-03
607   6.103516E-04
608   6.103516E-04
609   6.103516E-04
610   0
611   0
612   0
613   -6.103516E-04
614   -6.103516E-04
615   0
616   0
617   6.103516E-04
618   6.103516E-04
619   1.220703E-03
620   1.220703E-03
621   6.103516E-04
622   6.103516E-04
623   1.220703E-03
624   6.103516E-04
625   6.103516E-04
626   0
627   0
628   0
629   -6.103516E-04
630   -6.103516E-04
631   0
632   0
633   6.103516E-04
634   6.103516E-04
635   6.103516E-04
636   1.220703E-03
637   1.220703E-03
638   1.220703E-03
639   6.103516E-04
640   1.220703E-03
641   0
642   0
643   0
644   -6.103516E-04
645   -1.220703E-03
646   0
647   -6.103516E-04
648   0
649   0
650   6.103516E-04
651   6.103516E-04
652   6.103516E-04
653   1.220703E-03
654   6.103516E-04
655   1.220703E-03
656   1.220703E-03
657   6.103516E-04
658   6.103516E-04
659   0
660   0
661   0
662   0
663   0
664   -6.103516E-04
665   0
666   0
667   0
668   6.103516E-04
669   1.220703E-03
670   1.220703E-03
671   1.220703E-03
672   1.220703E-03
673   6.103516E-04
674   6.103516E-04
675   6.103516E-04
676   0
677   0
678   0
679   -6.103516E-04
680   -6.103516E-04
681   0
682   0
683   0
684   6.103516E-04
685   6.103516E-04
686   1.220703E-03
687   1.220703E-03
688   1.220703E-03
689   1.220703E-03
690   1.220703E-03
691   6.103516E-04
692   0
693   0
694   0
695   0
696   -6.103516E-04
697   0
698   -6.103516E-04
699   0
700   0
701   6.103516E-04
702   1.220703E-03
703   1.220703E-03
704   1.220703E-03
705   1.220703E-03
706   1.220703E-03
707   6.103516E-04
708   6.103516E-04
709   0
710   0
711   -6.103516E-04
712   -6.103516E-04
713   0
714   -6.103516E-04
715   0
716   0
717   0
718   6.103516E-04
719   1.220703E-03
720   6.103516E-04
721   1.220703E-03
722   1.220703E-03
723   6.103516E-04
724   1.220703E-03
725   0
726   0
727   0
728   -6.103516E-04
729   -6.103516E-04
730   0
731   -6.103516E-04
732   0
733   6.103516E-04
734   6.103516E-04
735   6.103516E-04
736   1.220703E-03
737   1.220703E-03
738   6.103516E-04
739   1.220703E-03
740   6.103516E-04
741   6.103516E-04
742   6.103516E-04
743   0
744   -6.103516E-04
745   0
746   -6.103516E-04
747   0
748   0
749   -6.103516E-04
750   0
751   0
752   6.103516E-04
753   1.220703E-03
754   6.103516E-04
755   1.220703E-03
756   1.220703E-03
757   6.103516E-04
758   6.103516E-04
759   0
760   0
761   0
762   -6.103516E-04
763   -6.103516E-04
764   0
765   -6.103516E-04
766   6.103516E-04
767   6.103516E-04
768   6.103516E-04
769   1.220703E-03
770   1.220703E-03
771   6.103516E-04
772   6.103516E-04
773   1.220703E-03
774   6.103516E-04
775   6.103516E-04
776   0
777   0
778   -6.103516E-04
779   -6.103516E-04
780   0
781   0
782   0
783   6.103516E-04
784   0
785   6.103516E-04
786   1.220703E-03
787   1.220703E-03
788   1.220703E-03
789   6.103516E-04
790   1.220703E-03
791   6.103516E-04
792   0
793   0
794   0
795   -6.103516E-04
796   -6.103516E-04
797   0
798   0
799   0
800   6.103516E-04
801   0
802   1.220703E-03
803   1.220703E-03
804   1.220703E-03
805   6.103516E-04
806   1.220703E-03
807   6.103516E-04
808   6.103516E-04
809   0
810   0
811   -6.103516E-04
812   -6.103516E-04
813   -6.103516E-04
814   0
815   0
816   6.103516E-04
817   6.103516E-04
818   6.103516E-04
819   6.103516E-04
820   1.831055E-03
821   1.220703E-03
822   1.220703E-03
823   6.103516E-04
824   6.103516E-04
825   0
826   0
827   0
828   -6.103516E-04
829   0
830   -6.103516E-04
831   0
832   0
833   0
834   6.103516E-04
835   6.103516E-04
836   1.220703E-03
837   1.220703E-03
838   6.103516E-04
839   1.220703E-03
840   6.103516E-04
841   6.103516E-04
842   0
843   6.103516E-04
844   -6.103516E-04
845   0
846   -6.103516E-04
847   0
848   -6.103516E-04
849   0
850   0
851   6.103516E-04
852   1.220703E-03
853   1.220703E-03
854   1.220703E-03
855   1.220703E-03
856   1.220703E-03
857   6.103516E-04
858   0
859   0
860   0
861   0
862   -6.103516E-04
863   0
864   -6.103516E-04
865   -6.103516E-04
866   6.103516E-04
867   0
868   6.103516E-04
869   6.103516E-04
870   1.220703E-03
871   6.103516E-04
872   1.220703E-03
873   6.103516E-04
874   6.103516E-04
875   0
876   0
877   0
878   -6.103516E-04
879   -6.103516E-04
880   0
881   -6.103516E-04
882   0
883   0
884   6.103516E-04
885   6.103516E-04
886   1.220703E-03
887   1.220703E-03
888   1.220703E-03
889   1.220703E-03
890   6.103516E-04
891   6.103516E-04
892   0
893   0
894   0
895   -6.103516E-04
896   -6.103516E-04
897   -6.103516E-04
898   0
899   0
900   6.103516E-04
901   6.103516E-04
902   1.220703E-03
903   6.103516E-04
904   1.220703E-03
905   1.220703E-03
906   1.220703E-03
907   1.220703E-03
908   0
909   0
910   -6.103516E-04
911   0
912   -6.103516E-04
913   0
914   -6.103516E-04
915   0
916   0
917   0
918   6.103516E-04
919   1.220703E-03
920   1.220703E-03
921   1.220703E-03
922   1.220703E-03
923   6.103516E-04
924   6.103516E-04
925   6.103516E-04
926   0
927   0
928   -6.103516E-04
929   0
930   -6.103516E-04
931   0
932   0
933   0
934   6.103516E-04
935   6.103516E-04
936   6.103516E-04
937   1.220703E-03
938   1.220703E-03
939   1.220703E-03
940   6.103516E-04
941   6.103516E-04
942   0
943   0
944   -6.103516E-04
945   0
946   -6.103516E-04
947   0
948   -6.103516E-04
949   0
950   0
951   6.103516E-04
952   6.103516E-04
953   1.220703E-03
954   1.220703E-03
955   1.220703E-03
956   6.103516E-04
957   6.103516E-04
958   0
959   0
960   -6.103516E-04
961   0
962   -6.103516E-04
963   -6.103516E-04
964   0
965   0
966   6.103516E-04
967   0
968   6.103516E-04
969   6.103516E-04
970   1.220703E-03
971   1.220703E-03
972   1.220703E-03
973   6.103516E-04
974   6.103516E-04
975   0
976   0
977   -6.103516E-04
978   0
979   0
980   0
981   -6.103516E-04
982   0
983   0
984   6.103516E-04
985   1.220703E-03
986   6.103516E-04
987   1.220703E-03
988   1.220703E-03
989   1.220703E-03
990   6.103516E-04
991   6.103516E-04
992   6.103516E-04
993   0
994   0
995   -6.103516E-04
996   0
997   -6.103516E-04
998   0
999   0
1000   6.103516E-04
1001   6.103516E-04
1002   6.103516E-04
1003   1.220703E-03
1004   1.220703E-03
1005   1.220703E-03
1006   6.103516E-04
1007   1.220703E-03
1008   0
1009   6.103516E-04
1010   -6.103516E-04
1011   0
1012   -6.103516E-04
1013   0
1014   0
1015   0
1016   0
1017   6.103516E-04
1018   6.103516E-04
1019   6.103516E-04
1020   1.220703E-03
1021   1.220703E-03
1022   1.220703E-03
1023   6.103516E-04
1024   6.103516E-04
1025   0
1026   6.103516E-04
1027   0
1028   -6.103516E-04
1029   -6.103516E-04
1030   -6.103516E-04
1031   0
1032   0
1033   0
1034   6.103516E-04
1035   1.220703E-03
1036   6.103516E-04
1037   1.220703E-03
1038   1.220703E-03
1039   1.220703E-03
1040   6.103516E-04
1041   6.103516E-04
1042   0
1043   6.103516E-04
1044   -6.103516E-04
1045   0
1046   -6.103516E-04
1047   0
1048   -6.103516E-04
1049   0
1050   0
1051   6.103516E-04
1052   1.220703E-03
1053   6.103516E-04
1054   1.220703E-03
1055   1.220703E-03
1056   1.220703E-03
1057   6.103516E-04
1058   6.103516E-04
1059   0
1060   0
1061   -6.103516E-04
1062   0
1063   -6.103516E-04
1064   -6.103516E-04
1065   0
1066   0
1067   6.103516E-04
1068   6.103516E-04
1069   1.220703E-03
1070   6.103516E-04
1071   1.220703E-03
1072   6.103516E-04
1073   1.220703E-03
1074   6.103516E-04
1075   6.103516E-04
1076   0
1077   0
1078   0
1079   -6.103516E-04
1080   0
1081   -6.103516E-04
1082   0
1083   0
1084   6.103516E-04
1085   6.103516E-04
1086   6.103516E-04
1087   1.220703E-03
1088   1.220703E-03
1089   6.103516E-04
1090   1.220703E-03
1091   0
1092   0
1093   0
1094   0
1095   -6.103516E-04
1096   0
1097   -6.103516E-04
1098   0
1099   0
1100   6.103516E-04
1101   6.103516E-04
1102   6.103516E-04
1103   6.103516E-04
1104   1.220703E-03
1105   6.103516E-04
1106   1.220703E-03
1107   6.103516E-04
1108   0
1109   0
1110   0
1111   0
1112   -6.103516E-04
1113   0
1114   0
1115   0
1116   0
1117   0
1118   6.103516E-04
1119   1.220703E-03
1120   1.220703E-03
1121   1.220703E-03
1122   1.220703E-03
1123   1.220703E-03
1124   6.103516E-04
1125   0
1126   0
1127   0
1128   -6.103516E-04
1129   0
1130   -6.103516E-04
1131   0
1132   0
1133   6.103516E-04
1134   6.103516E-04
1135   6.103516E-04
1136   6.103516E-04
1137   1.220703E-03
1138   6.103516E-04
1139   1.220703E-03
1140   1.220703E-03
1141   0
1142   0
1143   0
1144   0
1145   -6.103516E-04
1146   0
1147   -6.103516E-04
1148   0
1149   0
1150   6.103516E-04
1151   6.103516E-04
1152   6.103516E-04
1153   1.220703E-03
1154   6.103516E-04
1155   1.220703E-03
1156   1.220703E-03
1157   6.103516E-04
1158   0
1159   0
1160   0
1161   -6.103516E-04
1162   0
1163   -6.103516E-04
1164   0
1165   0
1166   6.103516E-04
1167   0
1168   6.103516E-04
1169   1.220703E-03
1170   1.220703E-03
1171   1.220703E-03
1172   6.103516E-04
1173   1.220703E-03
1174   6.103516E-04
1175   0
1176   0
1177   0
1178   -6.103516E-04
1179   0
1180   -6.103516E-04
1181   0
1182   0
1183   0
1184   6.103516E-04
1185   1.220703E-03
1186   6.103516E-04
1187   1.220703E-03
1188   1.220703E-03
1189   1.220703E-03
1190   1.220703E-03
1191   6.103516E-04
1192   0
1193   0
1194   0
1195   -6.103516E-04
1196   -6.103516E-04
1197   -6.103516E-04
1198   -6.103516E-04
1199   0
1200   6.103516E-04
1201   6.103516E-04
1202   6.103516E-04
1203   1.220703E-03
1204   1.220703E-03
1205   1.220703E-03
1206   1.220703E-03
1207   6.103516E-04
1208   6.103516E-04
1209   0
1210   0
1211   -6.103516E-04
1212   -6.103516E-04
1213   -6.103516E-04
1214   0
1215   -6.103516E-04
1216   6.103516E-04
1217   6.103516E-04
1218   6.103516E-04
1219   6.103516E-04
1220   1.220703E-03
1221   6.103516E-04
1222   1.220703E-03
1223   6.103516E-04
1224   6.103516E-04
1225   0
1226   0
1227   0
1228   0
1229   -6.103516E-04
1230   0
1231   0
1232   0
1233   6.103516E-04
1234   0
1235   6.103516E-04
1236   1.220703E-03
1237   1.220703E-03
1238   1.220703E-03
1239   1.220703E-03
1240   1.220703E-03
1241   6.103516E-04
1242   0
1243   6.103516E-04
1244   0
1245   0
1246   -6.103516E-04
1247   0
1248   -6.103516E-04
1249   0
1250   6.103516E-04
1251   6.103516E-04
1252   0
1253   1.220703E-03
1254   1.220703E-03
1255   1.220703E-03
1256   6.103516E-04
1257   1.220703E-03
1258   -6.103516E-04
1259   0
1260   0
1261   0
1262   -6.103516E-04
1263   0
1264   0
1265   0
1266   0
1267   6.103516E-04
1268   6.103516E-04
1269   6.103516E-04
1270   1.220703E-03
1271   1.220703E-03
1272   1.220703E-03
1273   1.220703E-03
1274   6.103516E-04
1275   0
1276   0
1277   6.103516E-04
1278   -6.103516E-04
1279   -6.103516E-04
1280   -6.103516E-04
1281   0
1282   -6.103516E-04
1283   0
1284   6.103516E-04
1285   6.103516E-04
1286   1.220703E-03
1287   1.220703E-03
1288   1.220703E-03
1289   1.220703E-03
1290   1.220703E-03
1291   6.103516E-04
1292   0
1293   0
1294   0
1295   0
1296   -6.103516E-04
1297   -6.103516E-04
1298   0
1299   0
1300   0
1301   6.103516E-04
1302   6.103516E-04
1303   1.220703E-03
1304   6.103516E-04
1305   6.103516E-04
1306   6.103516E-04
1307   6.103516E-04
1308   0
1309   0
1310   0
1311   -6.103516E-04
1312   0
1313   0
1314   -6.103516E-04
1315   -6.103516E-04
1316   0
1317   6.103516E-04
1318   6.103516E-04
1319   6.103516E-04
1320   1.220703E-03
1321   1.220703E-03
1322   1.220703E-03
1323   6.103516E-04
1324   6.103516E-04
1325   0
1326   0
1327   -6.103516E-04
1328   0
1329   0
1330   -6.103516E-04
1331   0
1332   -6.103516E-04
1333   6.103516E-04
1334   6.103516E-04
1335   6.103516E-04
1336   1.220703E-03
1337   1.220703E-03
1338   1.220703E-03
1339   1.220703E-03
1340   6.103516E-04
1341   6.103516E-04
1342   6.103516E-04
1343   0
1344   -6.103516E-04
1345   -6.103516E-04
1346   0
1347   0
1348   -6.103516E-04
1349   0
1350   6.103516E-04
1351   6.103516E-04
1352   1.220703E-03
1353   6.103516E-04
1354   6.103516E-04
1355   1.220703E-03
1356   1.220703E-03
1357   6.103516E-04
1358   6.103516E-04
1359   0
1360   0
1361   0
1362   0
1363   -6.103516E-04
1364   -6.103516E-04
1365   0
1366   0
1367   0
1368   6.103516E-04
1369   1.220703E-03
1370   1.220703E-03
1371   1.220703E-03
1372   1.220703E-03
1373   6.103516E-04
1374   6.103516E-04
1375   6.103516E-04
1376   0
1377   0
1378   -6.103516E-04
1379   0
1380   0
1381   0
1382   0
1383   0
1384   6.103516E-04
1385   6.103516E-04
1386   1.220703E-03
1387   6.103516E-04
1388   1.220703E-03
1389   1.220703E-03
1390   6.103516E-04
1391   0
1392   0
1393   0
1394   -6.103516E-04
1395   0
1396   0
1397   -6.103516E-04
1398   0
1399   0
1400   6.103516E-04
1401   6.103516E-04
1402   6.103516E-04
1403   1.220703E-03
1404   1.220703E-03
1405   6.103516E-04
1406   1.220703E-03
1407   6.103516E-04
1408   0
1409   6.103516E-04
1410   0
1411   -6.103516E-04
1412   -6.103516E-04
1413   -6.103516E-04
1414   0
1415   -6.103516E-04
1416   6.103516E-04
1417   0
1418   6.103516E-04
1419   1.220703E-03
1420   6.103516E-04
1421   1.220703E-03
1422   6.103516E-04
1423   1.220703E-03
1424   6.103516E-04
1425   0
1426   0
1427   0
1428   -6.103516E-04
1429   0
1430   -6.103516E-04
1431   -6.103516E-04
1432   0
1433   0
1434   6.103516E-04
1435   6.103516E-04
1436   1.220703E-03
1437   1.220703E-03
1438   1.220703E-03
1439   6.103516E-04
1440   1.220703E-03
1441   6.103516E-04
1442   0
1443   0
1444   0
1445   -6.103516E-04
1446   0
1447   -6.103516E-04
1448   0
1449   0
1450   6.103516E-04
1451   6.103516E-04
1452   6.103516E-04
1453   1.220703E-03
1454   1.220703E-03
1455   6.103516E-04
1456   6.103516E-04
1457   1.220703E-03
1458   0
1459   0
1460   0
1461   0
1462   -6.103516E-04
1463   -6.103516E-04
1464   -6.103516E-04
1465   0
1466   0
1467   6.103516E-04
1468   6.103516E-04
1469   1.220703E-03
1470   6.103516E-04
1471   6.103516E-04
1472   1.220703E-03
1473   6.103516E-04
1474   6.103516E-04
1475   6.103516E-04
1476   0
1477   -6.103516E-04
1478   -6.103516E-04
1479   0
1480   -6.103516E-04
1481   -6.103516E-04
1482   0
1483   6.103516E-04
1484   6.103516E-04
1485   6.103516E-04
1486   1.220703E-03
1487   1.220703E-03
1488   1.220703E-03
1489   6.103516E-04
1490   6.103516E-04
1491   0
1492   6.103516E-04
1493   0
1494   -6.103516E-04
1495   -6.103516E-04
1496   0
1497   -6.103516E-04
1498   -6.103516E-04
1499   0
1500   6.103516E-04
1501   6.103516E-04
1502   6.103516E-04
1503   1.220703E-03
1504   1.220703E-03
1505   6.103516E-04
1506   6.103516E-04
1507   1.220703E-03
1508   6.103516E-04
1509   0
1510   0
1511   0
1512   -6.103516E-04
1513   -6.103516E-04
1514   -6.103516E-04
1515   0
1516   0
1517   0
1518   0
1519   1.220703E-03
1520   1.220703E-03
1521   1.220703E-03
1522   1.220703E-03
1523   6.103516E-04
1524   6.103516E-04
1525   0
1526   0
1527   0
1528   -6.103516E-04
1529   -1.220703E-03
1530   0
1531   0
1532   0
1533   0
1534   6.103516E-04
1535   6.103516E-04
1536   1.220703E-03
1537   1.220703E-03
1538   6.103516E-04
1539   6.103516E-04
1540   1.220703E-03
1541   6.103516E-04
1542   0
1543   0
1544   0
1545   -6.103516E-04
1546   -6.103516E-04
1547   0
1548   0
1549   0
1550   0
1551   6.103516E-04
1552   6.103516E-04
1553   6.103516E-04
1554   1.220703E-03
1555   1.220703E-03
1556   1.220703E-03
1557   1.220703E-03
1558   6.103516E-04
1559   0
1560   0
1561   0
1562   -6.103516E-04
1563   -6.103516E-04
1564   0
1565   0
1566   0
1567   6.103516E-04
1568   6.103516E-04
1569   6.103516E-04
1570   1.220703E-03
1571   1.220703E-03
1572   1.220703E-03
1573   6.103516E-04
1574   1.220703E-03
1575   6.103516E-04
1576   0
1577   0
1578   0
1579   -6.103516E-04
1580   0
1581   0
1582   0
1583   0
1584   6.103516E-04
1585   6.103516E-04
1586   1.220703E-03
1587   1.220703E-03
1588   1.220703E-03
1589   6.103516E-04
1590   1.220703E-03
1591   6.103516E-04
1592   0
1593   0
1594   0
1595   -6.103516E-04
1596   -6.103516E-04
1597   0
1598   0
1599   0
1600   6.103516E-04
1601   6.103516E-04
1602   1.220703E-03
1603   1.220703E-03
1604   6.103516E-04
1605   1.220703E-03
1606   1.220703E-03
1607   1.220703E-03
1608   6.103516E-04
1609   0
1610   0
1611   -6.103516E-04
1612   -6.103516E-04
1613   -6.103516E-04
1614   -6.103516E-04
1615   -6.103516E-04
1616   6.103516E-04
1617   6.103516E-04
1618   6.103516E-04
1619   6.103516E-04
1620   1.220703E-03
1621   1.220703E-03
1622   1.220703E-03
1623   6.103516E-04
1624   6.103516E-04
1625   0
1626   0
1627   0
1628   -6.103516E-04
1629   -6.103516E-04
1630   0
1631   -6.103516E-04
1632   0
1633   6.103516E-04
1634   6.103516E-04
1635   6.103516E-04
1636   1.220703E-03
1637   1.220703E-03
1638   1.220703E-03
1639   1.220703E-03
1640   6.103516E-04
1641   0
1642   0
1643   0
1644   0
1645   0
1646   -6.103516E-04
1647   -6.103516E-04
1648   0
1649   0
1650   6.103516E-04
1651   6.103516E-04
1652   6.103516E-04
1653   6.103516E-04
1654   1.220703E-03
1655   1.220703E-03
1656   6.103516E-04
1657   1.220703E-03
1658   0
1659   0
1660   0
1661   0
1662   0
1663   -6.103516E-04
1664   -6.103516E-04
1665   -6.103516E-04
1666   0
1667   6.103516E-04
1668   6.103516E-04
1669   6.103516E-04
1670   1.220703E-03
1671   1.220703E-03
1672   1.220703E-03
1673   6.103516E-04
1674   6.103516E-04
1675   6.103516E-04
1676   0
1677   0
1678   -6.103516E-04
1679   -6.103516E-04
1680   -6.103516E-04
1681   -6.103516E-04
1682   0
1683   6.103516E-04
1684   0
1685   6.103516E-04
1686   6.103516E-04
1687   1.220703E-03
1688   1.220703E-03
1689   6.103516E-04
1690   1.220703E-03
1691   6.103516E-04
1692   6.103516E-04
1693   0
1694   -6.103516E-04
1695   -6.103516E-04
1696   -6.103516E-04
1697   0
1698   0
1699   0
1700   6.103516E-04
1701   6.103516E-04
1702   6.103516E-04
1703   1.220703E-03
1704   1.220703E-03
1705   1.220703E-03
1706   6.103516E-04
1707   6.103516E-04
1708   6.103516E-04
1709   0
1710   0
1711   0
1712   0
1713   -6.103516E-04
1714   -6.103516E-04
1715   6.103516E-04
1716   0
1717   6.103516E-04
1718   6.103516E-04
1719   6.103516E-04
1720   1.220703E-03
1721   1.220703E-03
1722   1.220703E-03
1723   6.103516E-04
1724   1.220703E-03
1725   0
1726   0
1727   0
1728   0
1729   -6.103516E-04
1730   -6.103516E-04
1731   -6.103516E-04
1732   0
1733   0
1734   0
1735   6.103516E-04
1736   1.220703E-03
1737   1.220703E-03
1738   6.103516E-04
1739   1.220703E-03
1740   1.220703E-03
1741   6.103516E-04
1742   6.103516E-04
1743   0
1744   0
1745   -6.103516E-04
1746   0
1747   0
1748   0
1749   0
1750   0
1751   6.103516E-04
1752   0
1753   1.220703E-03
1754   1.220703E-03
1755   1.220703E-03
1756   6.103516E-04
1757   6.103516E-04
1758   0
1759   6.103516E-04
1760   0
1761   -6.103516E-04
1762   -6.103516E-04
1763   0
1764   0
1765   0
1766   0
1767   6.103516E-04
1768   6.103516E-04
1769   6.103516E-04
1770   1.220703E-03
1771   6.103516E-04
1772   1.220703E-03
1773   1.220703E-03
1774   6.103516E-04
1775   0
1776   0
1777   0
1778   0
1779   -6.103516E-04
1780   -6.103516E-04
1781   0
1782   0
1783   0
1784   6.103516E-04
1785   1.220703E-03
1786   1.220703E-03
1787   6.103516E-04
1788   1.220703E-03
1789   6.103516E-04
1790   1.220703E-03
1791   6.103516E-04
1792   0
1793   0
1794   0
1795   -6.103516E-04
1796   -6.103516E-04
1797   0
1798   0
1799   0
1800   0
1801   6.103516E-04
1802   6.103516E-04
1803   1.220703E-03
1804   1.220703E-03
1805   1.220703E-03
1806   1.220703E-03
1807   1.220703E-03
1808   6.103516E-04
1809   0
1810   0
1811   -6.103516E-04
1812   0
1813   -6.103516E-04
1814   0
1815   0
1816   0
1817   6.103516E-04
1818   6.103516E-04
1819   1.220703E-03
1820   1.220703E-03
1821   6.103516E-04
1822   1.220703E-03
1823   1.220703E-03
1824   6.103516E-04
1825   0
1826   0
1827   0
1828   -6.103516E-04
1829   -6.103516E-04
1830   0
1831   -6.103516E-04
1832   0
1833   6.103516E-04
1834   0
1835   6.103516E-04
1836   6.103516E-04
1837   1.220703E-03
1838   1.220703E-03
1839   1.220703E-03
1840   6.103516E-04
1841   6.103516E-04
1842   0
1843   0
1844   0
1845   0
1846   -6.103516E-04
1847   -6.103516E-04
1848   0
1849   0
1850   0
1851   6.103516E-04
1852   1.220703E-03
1853   1.220703E-03
1854   1.220703E-03
1855   1.220703E-03
1856   1.220703E-03
1857   6.103516E-04
1858   0
1859   6.103516E-04
1860   0
1861   -6.103516E-04
1862   -6.103516E-04
1863   -6.103516E-04
1864   0
1865   0
1866   0
1867   6.103516E-04
1868   6.103516E-04
1869   6.103516E-04
1870   6.103516E-04
1871   1.220703E-03
1872   1.220703E-03
1873   6.103516E-04
1874   1.220703E-03
1875   6.103516E-04
1876   0
1877   -6.103516E-04
1878   0
1879   0
1880   -6.103516E-04
1881   0
1882   0
1883   0
1884   0
1885   1.220703E-03
1886   6.103516E-04
1887   6.103516E-04
1888   1.220703E-03
1889   1.220703E-03
1890   6.103516E-04
1891   0
1892   6.103516E-04
1893   0
1894   -6.103516E-04
1895   -6.103516E-04
1896   0
1897   0
1898   0
1899   0
1900   0
1901   6.103516E-04
1902   1.220703E-03
1903   1.220703E-03
1904   6.103516E-04
1905   1.220703E-03
1906   1.220703E-03
1907   6.103516E-04
1908   0
1909   0
1910   0
1911   -6.103516E-04
1912   -6.103516E-04
1913   -6.103516E-04
1914   0
1915   0
1916   0
1917   6.103516E-04
1918   0
1919   1.220703E-03
1920   1.220703E-03
1921   1.220703E-03
1922   1.220703E-03
1923   1.220703E-03
1924   6.103516E-04
1925   6.103516E-04
1926   0
1927   0
1928   -6.103516E-04
1929   0
1930   -6.103516E-04
1931   -6.103516E-04
1932   0
1933   0
1934   6.103516E-04
1935   6.103516E-04
1936   6.103516E-04
1937   1.220703E-03
1938   1.220703E-03
1939   1.220703E-03
1940   1.220703E-03
1941   6.103516E-04
1942   0
1943   0
1944   0
1945   -6.103516E-04
1946   -6.103516E-04
1947   0
1948   0
1949   -6.103516E-04
1950   6.103516E-04
1951   6.103516E-04
1952   6.103516E-04
1953   1.220703E-03
1954   1.220703E-03
1955   6.103516E-04
1956   1.220703E-03
1957   1.220703E-03
1958   6.103516E-04
1959   0
1960   0
1961   0
1962   -6.103516E-04
1963   -6.103516E-04
1964   0
1965   0
1966   0
1967   6.103516E-04
1968   6.103516E-04
1969   6.103516E-04
1970   6.103516E-04
1971   1.220703E-03
1972   1.220703E-03
1973   6.103516E-04
1974   6.103516E-04
1975   6.103516E-04
1976   0
1977   0
1978   0
1979   -6.103516E-04
1980   0
1981   -6.103516E-04
1982   0
1983   6.103516E-04
1984   6.103516E-04
1985   6.103516E-04
1986   6.103516E-04
1987   1.220703E-03
1988   1.220703E-03
1989   6.103516E-04
1990   1.220703E-03
1991   6.103516E-04
1992   0
1993   0
1994   0
1995   -6.103516E-04
1996   0
1997   -6.103516E-04
1998   0
1999   0
2000   0
2001   6.103516E-04
2002   6.103516E-04
2003   6.103516E-04
2004   1.220703E-03
2005   1.220703E-03
2006   6.103516E-04
2007   6.103516E-04
2008   0
2009   0
2010   0
2011   0
2012   0
2013   0
2014   -6.103516E-04
2015   0
2016   0
2017   6.103516E-04
2018   6.103516E-04
2019   1.220703E-03
2020   1.220703E-03
2021   1.220703E-03
2022   1.220703E-03
2023   1.220703E-03
2024   6.103516E-04
2025   6.103516E-04
2026   0
2027   0
2028   0
2029   0
2030   -6.103516E-04
2031   0
2032   0
2033   0
2034   6.103516E-04
2035   1.220703E-03
2036   1.220703E-03
2037   1.220703E-03
2038   1.220703E-03
2039   1.220703E-03
2040   1.220703E-03
2041   6.103516E-04
2042   0
2043   0
2044   -6.103516E-04
2045   0
2046   -6.103516E-04
2047   -6.103516E-04
2048   0
2049   0
2050   6.103516E-04
2051   0
2052   6.103516E-04
2053   1.220703E-03
2054   1.220703E-03
2055   1.220703E-03
2056   1.220703E-03
2057   6.103516E-04
2058   0
2059   0
2060   0
2061   -6.103516E-04
2062   0
2063   -6.103516E-04
2064   0
2065   -6.103516E-04
2066   0
2067   0
2068   6.103516E-04
2069   1.220703E-03
2070   1.220703E-03
2071   1.220703E-03
2072   1.220703E-03
2073   6.103516E-04
2074   1.220703E-03
2075   0
2076   0
2077   0
2078   0
2079   -6.103516E-04
2080   0
2081   0
2082   0
2083   0
2084   6.103516E-04
2085   6.103516E-04
2086   1.220703E-03
2087   1.220703E-03
2088   1.220703E-03
2089   1.220703E-03
2090   6.103516E-04
2091   6.103516E-04
2092   6.103516E-04
2093   0
2094   0
2095   0
2096   -6.103516E-04
2097   -6.103516E-04
2098   0
2099   0
2100   0
2101   6.103516E-04
2102   1.220703E-03
2103   6.103516E-04
2104   1.220703E-03
2105   1.220703E-03
2106   1.220703E-03
2107   1.220703E-03
2108   6.103516E-04
2109   6.103516E-04
2110   -6.103516E-04
2111   -6.103516E-04
2112   -6.103516E-04
2113   -6.103516E-04
2114   -6.103516E-04
2115   0
2116   0
2117   0
2118   0
2119   1.220703E-03
2120   1.220703E-03
2121   1.220703E-03
2122   6.103516E-04
2123   6.103516E-04
2124   6.103516E-04
2125   0
2126   0
2127   -6.103516E-04
2128   0
2129   0
2130   -6.103516E-04
2131   0
2132   -6.103516E-04
2133   0
2134   6.103516E-04
2135   6.103516E-04
2136   1.220703E-03
2137   1.220703E-03
2138   1.220703E-03
2139   6.103516E-04
2140   1.220703E-03
2141   6.103516E-04
2142   0
2143   0
2144   0
2145   0
2146   -6.103516E-04
2147   -6.103516E-04
2148   0
2149   0
2150   0
2151   6.103516E-04
2152   1.220703E-03
2153   1.220703E-03
2154   6.103516E-04
2155   1.220703E-03
2156   1.220703E-03
2157   6.103516E-04
2158   0
2159   0
2160   0
2161   -6.103516E-04
2162   0
2163   -6.103516E-04
2164   -6.103516E-04
2165   0
2166   0
2167   6.103516E-04
2168   6.103516E-04
2169   6.103516E-04
2170   1.220703E-03
2171   1.220703E-03
2172   6.103516E-04
2173   1.220703E-03
2174   6.103516E-04
2175   0
2176   6.103516E-04
2177   0
2178   0
2179   -6.103516E-04
2180   -6.103516E-04
2181   0
2182   0
2183   0
2184   6.103516E-04
2185   6.103516E-04
2186   1.220703E-03
2187   1.220703E-03
2188   1.220703E-03
2189   6.103516E-04
2190   1.220703E-03
2191   6.103516E-04
2192   0
2193   0
2194   0
2195   -6.103516E-04
2196   0
2197   0
2198   0
2199   0
2200   0
2201   6.103516E-04
2202   6.103516E-04
2203   1.220703E-03
2204   1.220703E-03
2205   6.103516E-04
2206   1.220703E-03
2207   1.220703E-03
2208   0
2209   0
2210   0
2211   -6.103516E-04
2212   0
2213   0
2214   -6.103516E-04
2215   0
2216   6.103516E-04
2217   0
2218   0
2219   1.220703E-03
2220   1.220703E-03
2221   1.220703E-03
2222   1.220703E-03
2223   1.220703E-03
2224   6.103516E-04
2225   0
2226   0
2227   0
2228   -6.103516E-04
2229   0
2230   0
2231   -6.103516E-04
2232   -6.103516E-04
2233   6.103516E-04
2234   6.103516E-04
2235   6.103516E-04
2236   1.220703E-03
2237   1.220703E-03
2238   1.220703E-03
2239   6.103516E-04
2240   1.220703E-03
2241   6.103516E-04
2242   0
2243   6.103516E-04
2244   -6.103516E-04
2245   -6.103516E-04
2246   0
2247   0
2248   0
2249   0
2250   0
2251   6.103516E-04
2252   1.220703E-03
2253   1.220703E-03
2254   1.220703E-03
2255   1.220703E-03
2256   1.220703E-03
2257   6.103516E-04
2258   0
2259   0
2260   0
2261   0
2262   0
2263   -6.103516E-04
2264   0
2265   -6.103516E-04
2266   0
2267   6.103516E-04
2268   6.103516E-04
2269   6.103516E-04
2270   6.103516E-04
2271   1.220703E-03
2272   1.220703E-03
2273   6.103516E-04
2274   1.220703E-03
2275   0
2276   0
2277   0
2278   0
2279   0
2280   -6.103516E-04
2281   -6.103516E-04
2282   -6.103516E-04
2283   6.103516E-04
2284   6.103516E-04
2285   6.103516E-04
2286   1.220703E-03
2287   1.220703E-03
2288   6.103516E-04
2289   1.220703E-03
2290   1.220703E-03
2291   6.103516E-04
2292   0
2293   0
2294   0
2295   -6.103516E-04
2296   -6.103516E-04
2297   0
2298   0
2299   0
2300   6.103516E-04
2301   6.103516E-04
2302   6.103516E-04
2303   6.103516E-04
2304   1.220703E-03
2305   1.220703E-03
2306   6.103516E-04
2307   6.103516E-04
2308   6.103516E-04
2309   0
2310   0
2311   0
2312   -6.103516E-04
2313   -6.103516E-04
2314   0
2315   0
2316   0
2317   0
2318   1.220703E-03
2319   1.220703E-03
2320   6.103516E-04
2321   1.220703E-03
2322   1.220703E-03
2323   6.103516E-04
2324   6.103516E-04
2325   6.103516E-04
2326   0
2327   0
2328   0
2329   -6.103516E-04
2330   -6.103516E-04
2331   0
2332   0
2333   0
2334   6.103516E-04
2335   1.220703E-03
2336   1.220703E-03
2337   1.220703E-03
2338   1.220703E-03
2339   1.220703E-03
2340   6.103516E-04
2341   6.103516E-04
2342   6.103516E-04
2343   0
2344   0
2345   0
2346   -6.103516E-04
2347   -6.103516E-04
2348   0
2349   0
2350   0
2351   6.103516E-04
2352   1.220703E-03
2353   6.103516E-04
2354   1.220703E-03
2355   1.220703E-03
2356   6.103516E-04
2357   6.103516E-04
2358   6.103516E-04
2359   0
2360   0
2361   0
2362   0
2363   -6.103516E-04
2364   0
2365   0
2366   0
2367   0
2368   6.103516E-04
2369   1.220703E-03
2370   1.220703E-03
2371   1.220703E-03
2372   1.220703E-03
2373   6.103516E-04
2374   6.103516E-04
2375   0
2376   0
2377   0
2378   -6.103516E-04
2379   -6.103516E-04
2380   -6.103516E-04
2381   0
2382   -6.103516E-04
2383   0
2384   6.103516E-04
2385   6.103516E-04
2386   6.103516E-04
2387   6.103516E-04
2388   1.220703E-03
2389   1.220703E-03
2390   6.103516E-04
2391   6.103516E-04
2392   6.103516E-04
2393   0
2394   0
2395   0
2396   0
2397   0
2398   -6.103516E-04
2399   0
2400   6.103516E-04
2401   6.103516E-04
2402   1.220703E-03
2403   6.103516E-04
2404   1.220703E-03
2405   1.220703E-03
2406   1.220703E-03
2407   6.103516E-04
2408   0
2409   6.103516E-04
2410   0
2411   0
2412   -6.103516E-04
2413   0
2414   -6.103516E-04
2415   -6.103516E-04
2416   0
2417   6.103516E-04
2418   0
2419   6.103516E-04
2420   1.220703E-03
2421   1.220703E-03
2422   6.103516E-04
2423   1.220703E-03
2424   6.103516E-04
2425   0
2426   0
2427   0
2428   0
2429   -6.103516E-04
2430   0
2431   -6.103516E-04
2432   0
2433   0
2434   0
2435   6.103516E-04
2436   1.220703E-03
2437   1.220703E-03
2438   6.103516E-04
2439   1.220703E-03
2440   1.220703E-03
2441   0
2442   6.103516E-04
2443   6.103516E-04
2444   0
2445   0
2446   -6.103516E-04
2447   -6.103516E-04
2448   -6.103516E-04
2449   0
2450   6.103516E-04
2451   6.103516E-04
2452   6.103516E-04
2453   1.220703E-03
2454   6.103516E-04
2455   1.220703E-03
2456   1.220703E-03
2457   1.220703E-03
2458   6.103516E-04
2459   0
2460   0
2461   -6.103516E-04
2462   -6.103516E-04
2463   0
2464   0
2465   -6.103516E-04
2466   0
2467   6.103516E-04
2468   6.103516E-04
2469   6.103516E-04
2470   1.220703E-03
2471   1.220703E-03
2472   1.220703E-03
2473   6.103516E-04
2474   6.103516E-04
2475   6.103516E-04
2476   6.103516E-04
2477   0
2478   -6.103516E-04
2479   0
2480   -6.103516E-04
2481   -6.103516E-04
2482   0
2483   6.103516E-04
2484   0
2485   6.103516E-04
2486   1.220703E-03
2487   1.220703E-03
2488   1.220703E-03
2489   1.220703E-03
2490   1.220703E-03
2491   6.103516E-04
2492   6.103516E-04
2493   0
2494   -6.103516E-04
2495   0
2496   -6.103516E-04
2497   -6.103516E-04
2498   0
2499   0
2500   6.103516E-04
2501   0
2502   6.103516E-04
2503   6.103516E-04
2504   1.220703E-03
2505   1.220703E-03
2506   6.103516E-04
2507   0
2508   6.103516E-04
2509   0
2510   6.103516E-04
2511   0
2512   -6.103516E-04
2513   0
2514   -6.103516E-04
2515   0
2516   0
2517   6.103516E-04
2518   6.103516E-04
2519   6.103516E-04
2520   6.103516E-04
2521   1.220703E-03
2522   1.220703E-03
2523   6.103516E-04
2524   6.103516E-04
2525   6.103516E-04
2526   0
2527   0
2528   0
2529   0
2530   -6.103516E-04
2531   -6.103516E-04
2532   0
2533   0
2534   0
2535   6.103516E-04
2536   1.220703E-03
2537   1.220703E-03
2538   1.220703E-03
2539   1.220703E-03
2540   6.103516E-04
2541   6.103516E-04
2542   6.103516E-04
2543   0
2544   -6.103516E-04
2545   -6.103516E-04
2546   0
2547   0
2548   -6.103516E-04
2549   6.103516E-04
2550   0
2551   0
2552   1.220703E-03
2553   1.220703E-03
2554   6.103516E-04
2555   1.220703E-03
2556   1.220703E-03
2557   6.103516E-04
2558   6.103516E-04
2559   0
2560   0
2561   0
2562   0
2563   -6.103516E-04
2564   -6.103516E-04
2565   0
2566   0
2567   0
2568   6.103516E-04
2569   1.220703E-03
2570   1.220703E-03
2571   1.220703E-03
2572   1.220703E-03
2573   0
2574   6.103516E-04
2575   6.103516E-04
2576   0
2577   0
2578   0
2579   -6.103516E-04
2580   0
2581   0
2582   0
2583   0
2584   0
2585   6.103516E-04
2586   6.103516E-04
2587   1.220703E-03
2588   1.220703E-03
2589   6.103516E-04
2590   1.220703E-03
2591   6.103516E-04
2592   0
2593   0
2594   0
2595   -6.103516E-04
2596   0
2597   0
2598   -6.103516E-04
2599   0
2600   6.103516E-04
2601   0
2602   1.220703E-03
2603   1.831055E-03
2604   1.220703E-03
2605   1.220703E-03
2606   1.220703E-03
2607   6.103516E-04
2608   6.103516E-04
2609   6.103516E-04
2610   0
2611   -6.103516E-04
2612   -6.103516E-04
2613   0
2614   -6.103516E-04
2615   0
2616   0
2617   6.103516E-04
2618   0
2619   6.103516E-04
2620   1.220703E-03
2621   1.220703E-03
2622   1.220703E-03
2623   1.220703E-03
2624   6.103516E-04
2625   0
2626   0
2627   0
2628   -6.103516E-04
2629   0
2630   -6.103516E-04
2631   -6.103516E-04
2632   0
2633   0
2634   6.103516E-04
2635   6.103516E-04
2636   6.103516E-04
2637   1.220703E-03
2638   1.220703E-03
2639   6.103516E-04
2640   6.103516E-04
2641   6.103516E-04
2642   0
2643   0
2644   0
2645   -6.103516E-04
2646   -6.103516E-04
2647   -6.103516E-04
2648   0
2649   0
2650   0
2651   6.103516E-04
2652   6.103516E-04
2653   6.103516E-04
2654   1.220703E-03
2655   1.220703E-03
2656   6.103516E-04
2657   1.220703E-03
2658   6.103516E-04
2659   0
2660   0
2661   0
2662   0
2663   -6.103516E-04
2664   0
2665   0
2666   0
2667   0
2668   6.103516E-04
2669   6.103516E-04
2670   1.220703E-03
2671   1.220703E-03
2672   6.103516E-04
2673   1.220703E-03
2674   6.103516E-04
2675   0
2676   0
2677   0
2678   -6.103516E-04
2679   0
2680   -6.103516E-04
2681   0
2682   0
2683   6.103516E-04
2684   6.103516E-04
2685   6.103516E-04
2686   6.103516E-04
2687   6.103516E-04
2688   1.220703E-03
2689   6.103516E-04
2690   1.220703E-03
2691   6.103516E-04
2692   6.103516E-04
2693   0
2694   0
2695   -6.103516E-04
2696   -6.103516E-04
2697   0
2698   0
2699   0
2700   6.103516E-04
2701   6.103516E-04
2702   6.103516E-04
2703   1.220703E-03
2704   1.220703E-03
2705   6.103516E-04
2706   1.220703E-03
2707   1.220703E-03
2708   0
2709   0
2710   0
2711   -6.103516E-04
2712   0
2713   -6.103516E-04
2714   -6.103516E-04
2715   0
2716   0
2717   6.103516E-04
2718   6.103516E-04
2719   1.220703E-03
2720   1.220703E-03
2721   1.220703E-03
2722   1.220703E-03
2723   1.220703E-03
2724   1.220703E-03
2725   0
2726   6.103516E-04
2727   0
2728   -6.103516E-04
2729   0
2730   0
2731   -6.103516E-04
2732   0
2733   0
2734   0
2735   6.103516E-04
2736   1.220703E-03
2737   6.103516E-04
2738   1.220703E-03
2739   6.103516E-04
2740   6.103516E-04
2741   1.220703E-03
2742   0
2743   0
2744   0
2745   0
2746   -6.103516E-04
2747   0
2748   0
2749   0
2750   6.103516E-04
2751   0
2752   6.103516E-04
2753   1.220703E-03
2754   1.220703E-03
2755   1.220703E-03
2756   1.220703E-03
2757   6.103516E-04
2758   0
2759   6.103516E-04
2760   0
2761   0
2762   -6.103516E-04
2763   -6.103516E-04
2764   0
2765   0
2766   0
2767   6.103516E-04
2768   6.103516E-04
2769   6.103516E-04
2770   6.103516E-04
2771   6.103516E-04
2772   1.220703E-03
2773   1.220703E-03
2774   1.220703E-03
2775   0
2776   0
2777   0
2778   -6.103516E-04
2779   -6.103516E-04
2780   0
2781   -6.103516E-04
2782   0
2783   0
2784   6.103516E-04
2785   0
2786   1.220703E-03
2787   1.220703E-03
2788   1.220703E-03
2789   1.220703E-03
2790   6.103516E-04
2791   6.103516E-04
2792   0
2793   0
2794   0
2795   0
2796   -6.103516E-04
2797   -6.103516E-04
2798   0
2799   0
2800   0
2801   6.103516E-04
2802   1.220703E-03
2803   1.220703E-03
2804   6.103516E-04
2805   1.220703E-03
2806   1.220703E-03
2807   6.103516E-04
2808   6.103516E-04
2809   0
2810   0
2811   -6.103516E-04
2812   0
2813   -6.103516E-04
2814   -6.103516E-04
2815   0
0   0
