-256   3.051758E-03
-255   3.662109E-03
-254   3.662109E-03
-253   3.662109E-03
-252   3.662109E-03
-251   3.662109E-03
-250   4.272461E-03
-249   4.272461E-03
-248   4.882813E-03
-247   4.882813E-03
-246   5.493164E-03
-245   4.882813E-03
-244   4.882813E-03
-243   4.882813E-03
-242   3.662109E-03
-241   4.272461E-03
-240   3.662109E-03
-239   3.662109E-03
-238   3.662109E-03
-237   3.662109E-03
-236   3.662109E-03
-235   3.662109E-03
-234   4.272461E-03
-233   4.272461E-03
-232   4.882813E-03
-231   4.882813E-03
-230   4.882813E-03
-229   5.493164E-03
-228   4.882813E-03
-227   4.882813E-03
-226   4.272461E-03
-225   4.272461E-03
-224   4.882813E-03
-223   4.272461E-03
-222   3.662109E-03
-221   4.272461E-03
-220   3.662109E-03
-219   4.272461E-03
-218   4.272461E-03
-217   4.882813E-03
-216   4.882813E-03
-215   5.493164E-03
-214   5.493164E-03
-213   5.493164E-03
-212   5.493164E-03
-211   5.493164E-03
-210   4.882813E-03
-209   4.882813E-03
-208   4.272461E-03
-207   3.662109E-03
-206   4.272461E-03
-205   4.272461E-03
-204   4.272461E-03
-203   4.272461E-03
-202   4.272461E-03
-201   4.882813E-03
-200   4.882813E-03
-199   5.493164E-03
-198   5.493164E-03
-197   5.493164E-03
-196   6.103516E-03
-195   5.493164E-03
-194   5.493164E-03
-193   5.493164E-03
-192   4.882813E-03
-191   4.882813E-03
-190   4.272461E-03
-189   4.272461E-03
-188   4.272461E-03
-187   3.662109E-03
-186   4.272461E-03
-185   4.882813E-03
-184   5.493164E-03
-183   4.882813E-03
-182   5.493164E-03
-181   5.493164E-03
-180   6.103516E-03
-179   6.103516E-03
-178   5.493164E-03
-177   6.103516E-03
-176   4.882813E-03
-175   4.882813E-03
-174   4.882813E-03
-173   4.272461E-03
-172   4.272461E-03
-171   4.272461E-03
-170   4.272461E-03
-169   4.272461E-03
-168   4.882813E-03
-167   4.882813E-03
-166   5.493164E-03
-165   5.493164E-03
-164   5.493164E-03
-163   6.103516E-03
-162   5.493164E-03
-161   6.103516E-03
-160   5.493164E-03
-159   4.882813E-03
-158   4.882813E-03
-157   4.882813E-03
-156   4.272461E-03
-155   4.272461E-03
-154   4.272461E-03
-153   4.272461E-03
-152   4.272461E-03
-151   4.882813E-03
-150   5.493164E-03
-149   5.493164E-03
-148   5.493164E-03
-147   6.103516E-03
-146   5.493164E-03
-145   5.493164E-03
-144   5.493164E-03
-143   5.493164E-03
-142   4.882813E-03
-141   4.882813E-03
-140   4.272461E-03
-139   4.272461E-03
-138   4.272461E-03
-137   4.272461E-03
-136   4.272461E-03
-135   4.272461E-03
-134   4.882813E-03
-133   5.493164E-03
-132   5.493164E-03
-131   5.493164E-03
-130   5.493164E-03
-129   5.493164E-03
-128   5.493164E-03
-127   5.493164E-03
-126   5.493164E-03
-125   4.882813E-03
-124   4.882813E-03
-123   4.272461E-03
-122   4.272461E-03
-121   4.272461E-03
-120   4.272461E-03
-119   4.272461E-03
-118   4.272461E-03
-117   4.272461E-03
-116   4.882813E-03
-115   5.493164E-03
-114   5.493164E-03
-113   5.493164E-03
-112   4.882813E-03
-111   5.493164E-03
-110   4.882813E-03
-109   4.272461E-03
-108   4.272461E-03
-107   4.272461E-03
-106   4.272461E-03
-105   4.272461E-03
-104   3.662109E-03
-103   3.662109E-03
-102   3.662109E-03
-101   4.272461E-03
-100   4.882813E-03
-99   4.882813E-03
-98   4.882813E-03
-97   5.493164E-03
-96   4.882813E-03
-95   4.882813E-03
-94   5.493164E-03
-93   4.882813E-03
-92   4.882813E-03
-91   4.272461E-03
-90   4.272461E-03
-89   3.662109E-03
-88   3.662109E-03
-87   4.272461E-03
-86   3.662109E-03
-85   4.272461E-03
-84   4.882813E-03
-83   4.272461E-03
-82   5.493164E-03
-81   5.493164E-03
-80   4.882813E-03
-79   5.493164E-03
-78   5.493164E-03
-77   4.882813E-03
-76   4.272461E-03
-75   4.882813E-03
-74   4.272461E-03
-73   4.272461E-03
-72   4.272461E-03
-71   3.662109E-03
-70   4.272461E-03
-69   4.272461E-03
-68   4.272461E-03
-67   4.882813E-03
-66   4.882813E-03
-65   5.493164E-03
-64   5.493164E-03
-63   5.493164E-03
-62   5.493164E-03
-61   4.882813E-03
-60   5.493164E-03
-59   4.882813E-03
-58   3.662109E-03
-57   4.272461E-03
-56   4.272461E-03
-55   4.272461E-03
-54   3.662109E-03
-53   3.662109E-03
-52   3.662109E-03
-51   4.272461E-03
-50   4.882813E-03
-49   4.882813E-03
-48   4.882813E-03
-47   5.493164E-03
-46   5.493164E-03
-45   4.882813E-03
-44   5.493164E-03
-43   4.882813E-03
-42   3.662109E-03
-41   4.272461E-03
-40   4.272461E-03
-39   3.662109E-03
-38   3.662109E-03
-37   4.272461E-03
-36   3.662109E-03
-35   4.272461E-03
-34   4.272461E-03
-33   4.272461E-03
-32   5.493164E-03
-31   4.882813E-03
-30   5.493164E-03
-29   4.882813E-03
-28   5.493164E-03
-27   4.882813E-03
-26   4.272461E-03
-25   4.272461E-03
-24   4.272461E-03
-23   3.662109E-03
-22   4.272461E-03
-21   3.662109E-03
-20   4.272461E-03
-19   4.272461E-03
-18   4.272461E-03
-17   4.882813E-03
-16   4.882813E-03
-15   5.493164E-03
-14   5.493164E-03
-13   5.493164E-03
-12   5.493164E-03
-11   5.493164E-03
-10   4.882813E-03
-9   4.272461E-03
-8   4.882813E-03
-7   4.272461E-03
-6   4.272461E-03
-5   3.662109E-03
-4   4.272461E-03
-3   4.272461E-03
-2   3.662109E-03
-1   0.0177002
0   -3.051758E-03
1   4.882813E-03
2   4.882813E-03
3   4.882813E-03
4   5.493164E-03
5   4.882813E-03
6   4.882813E-03
7   4.882813E-03
8   4.272461E-03
9   4.272461E-03
10   4.272461E-03
11   3.662109E-03
12   3.662109E-03
13   3.662109E-03
14   3.662109E-03
15   3.662109E-03
16   3.662109E-03
17   4.272461E-03
18   4.272461E-03
19   4.882813E-03
20   3.662109E-03
21   3.662109E-03
22   4.272461E-03
23   4.272461E-03
24   3.662109E-03
25   3.051758E-03
26   3.051758E-03
27   2.441406E-03
28   2.441406E-03
29   2.441406E-03
30   1.831055E-03
31   2.441406E-03
32   2.441406E-03
33   3.051758E-03
34   3.051758E-03
35   3.662109E-03
36   3.662109E-03
37   3.051758E-03
38   3.051758E-03
39   3.051758E-03
40   3.051758E-03
41   2.441406E-03
42   2.441406E-03
43   1.831055E-03
44   1.831055E-03
45   1.220703E-03
46   1.220703E-03
47   1.220703E-03
48   1.831055E-03
49   1.831055E-03
50   2.441406E-03
51   2.441406E-03
52   2.441406E-03
53   2.441406E-03
54   2.441406E-03
55   2.441406E-03
56   2.441406E-03
57   1.831055E-03
58   1.220703E-03
59   1.220703E-03
60   1.220703E-03
61   1.220703E-03
62   6.103516E-04
63   6.103516E-04
64   1.220703E-03
65   1.220703E-03
66   1.831055E-03
67   1.831055E-03
68   1.831055E-03
69   1.831055E-03
70   2.441406E-03
71   1.831055E-03
72   2.441406E-03
73   1.831055E-03
74   1.220703E-03
75   1.220703E-03
76   1.220703E-03
77   6.103516E-04
78   1.220703E-03
79   6.103516E-04
80   6.103516E-04
81   6.103516E-04
82   1.220703E-03
83   1.220703E-03
84   1.220703E-03
85   1.220703E-03
86   1.831055E-03
87   1.831055E-03
88   1.831055E-03
89   1.831055E-03
90   1.831055E-03
91   1.220703E-03
92   6.103516E-04
93   6.103516E-04
94   6.103516E-04
95   6.103516E-04
96   0
97   6.103516E-04
98   6.103516E-04
99   6.103516E-04
100   6.103516E-04
101   1.220703E-03
102   1.831055E-03
103   1.220703E-03
104   1.831055E-03
105   1.831055E-03
106   1.831055E-03
107   1.220703E-03
108   6.103516E-04
109   6.103516E-04
110   6.103516E-04
111   6.103516E-04
112   0
113   0
114   6.103516E-04
115   6.103516E-04
116   6.103516E-04
117   6.103516E-04
118   1.220703E-03
119   1.220703E-03
120   1.831055E-03
121   1.831055E-03
122   1.831055E-03
123   1.220703E-03
124   6.103516E-04
125   6.103516E-04
126   6.103516E-04
127   0
128   0
129   0
130   0
131   0
132   6.103516E-04
133   6.103516E-04
134   6.103516E-04
135   1.220703E-03
136   1.220703E-03
137   1.831055E-03
138   1.220703E-03
139   1.220703E-03
140   1.220703E-03
141   1.220703E-03
142   6.103516E-04
143   6.103516E-04
144   0
145   0
146   0
147   0
148   0
149   6.103516E-04
150   6.103516E-04
151   1.220703E-03
152   1.220703E-03
153   1.220703E-03
154   1.831055E-03
155   1.220703E-03
156   1.831055E-03
157   6.103516E-04
158   0
159   0
160   0
161   0
162   0
163   -6.103516E-04
164   0
165   0
166   6.103516E-04
167   6.103516E-04
168   1.220703E-03
169   1.220703E-03
170   1.220703E-03
171   6.103516E-04
172   1.220703E-03
173   1.220703E-03
174   6.103516E-04
175   6.103516E-04
176   0
177   0
178   0
179   0
180   0
181   0
182   0
183   6.103516E-04
184   6.103516E-04
185   1.220703E-03
186   1.220703E-03
187   1.220703E-03
188   1.220703E-03
189   1.220703E-03
190   6.103516E-04
191   6.103516E-04
192   0
193   0
194   0
195   0
196   0
197   0
198   0
199   0
200   6.103516E-04
201   1.220703E-03
202   1.220703E-03
203   1.220703E-03
204   1.220703E-03
205   6.103516E-04
206   6.103516E-04
207   6.103516E-04
208   6.103516E-04
209   0
210   0
211   0
212   0
213   0
214   0
215   0
216   6.103516E-04
217   1.220703E-03
218   1.220703E-03
219   1.220703E-03
220   1.220703E-03
221   1.220703E-03
222   1.220703E-03
223   1.220703E-03
224   6.103516E-04
225   6.103516E-04
226   0
227   0
228   0
229   -6.103516E-04
230   0
231   0
232   0
233   6.103516E-04
234   0
235   1.220703E-03
236   1.220703E-03
237   1.220703E-03
238   6.103516E-04
239   6.103516E-04
240   6.103516E-04
241   6.103516E-04
242   0
243   0
244   -6.103516E-04
245   0
246   0
247   0
248   0
249   0
250   6.103516E-04
251   1.220703E-03
252   1.220703E-03
253   1.220703E-03
254   1.220703E-03
255   1.220703E-03
256   1.220703E-03
257   6.103516E-04
258   0
259   0
260   0
261   0
262   0
263   -6.103516E-04
264   -6.103516E-04
265   0
266   6.103516E-04
267   6.103516E-04
268   6.103516E-04
269   6.103516E-04
270   1.220703E-03
271   1.220703E-03
272   1.220703E-03
273   6.103516E-04
274   0
275   0
276   0
277   0
278   0
279   -6.103516E-04
280   0
281   0
282   0
283   6.103516E-04
284   6.103516E-04
285   6.103516E-04
286   1.220703E-03
287   1.220703E-03
288   1.220703E-03
289   6.103516E-04
290   6.103516E-04
291   6.103516E-04
292   0
293   0
294   0
295   0
296   -6.103516E-04
297   0
298   0
299   0
300   6.103516E-04
301   6.103516E-04
302   6.103516E-04
303   1.220703E-03
304   1.220703E-03
305   6.103516E-04
306   6.103516E-04
307   6.103516E-04
308   6.103516E-04
309   0
310   0
311   -6.103516E-04
312   -6.103516E-04
313   0
314   0
315   0
316   6.103516E-04
317   6.103516E-04
318   6.103516E-04
319   6.103516E-04
320   1.220703E-03
321   1.220703E-03
322   1.220703E-03
323   1.220703E-03
324   0
325   0
326   0
327   0
328   0
329   -6.103516E-04
330   -6.103516E-04
331   -6.103516E-04
332   0
333   6.103516E-04
334   6.103516E-04
335   6.103516E-04
336   6.103516E-04
337   1.220703E-03
338   6.103516E-04
339   1.220703E-03
340   6.103516E-04
341   0
342   0
343   0
344   0
345   0
346   0
347   -6.103516E-04
348   0
349   0
350   6.103516E-04
351   6.103516E-04
352   1.220703E-03
353   1.220703E-03
354   1.220703E-03
355   6.103516E-04
356   6.103516E-04
357   6.103516E-04
358   6.103516E-04
359   0
360   -6.103516E-04
361   -6.103516E-04
362   0
363   -6.103516E-04
364   0
365   0
366   6.103516E-04
367   6.103516E-04
368   6.103516E-04
369   1.220703E-03
370   1.220703E-03
371   6.103516E-04
372   1.220703E-03
373   6.103516E-04
374   6.103516E-04
375   0
376   0
377   -6.103516E-04
378   -6.103516E-04
379   0
380   -6.103516E-04
381   -6.103516E-04
382   6.103516E-04
383   6.103516E-04
384   6.103516E-04
385   6.103516E-04
386   6.103516E-04
387   6.103516E-04
388   6.103516E-04
389   1.220703E-03
390   1.220703E-03
391   6.103516E-04
392   0
393   0
394   -6.103516E-04
395   0
396   0
397   0
398   0
399   6.103516E-04
400   6.103516E-04
401   6.103516E-04
402   1.220703E-03
403   1.220703E-03
404   6.103516E-04
405   1.220703E-03
406   1.220703E-03
407   6.103516E-04
408   0
409   0
410   0
411   0
412   -6.103516E-04
413   0
414   -6.103516E-04
415   0
416   0
417   6.103516E-04
418   1.220703E-03
419   1.220703E-03
420   1.220703E-03
421   6.103516E-04
422   1.220703E-03
423   1.220703E-03
424   6.103516E-04
425   0
426   0
427   0
428   0
429   0
430   -6.103516E-04
431   0
432   6.103516E-04
433   6.103516E-04
434   6.103516E-04
435   6.103516E-04
436   1.220703E-03
437   1.220703E-03
438   6.103516E-04
439   1.220703E-03
440   6.103516E-04
441   6.103516E-04
442   6.103516E-04
443   -6.103516E-04
444   -6.103516E-04
445   0
446   -6.103516E-04
447   -6.103516E-04
448   0
449   6.103516E-04
450   6.103516E-04
451   6.103516E-04
452   6.103516E-04
453   1.220703E-03
454   1.220703E-03
455   6.103516E-04
456   6.103516E-04
457   6.103516E-04
458   0
459   0
460   0
461   0
462   0
463   -6.103516E-04
464   -6.103516E-04
465   0
466   0
467   0
468   6.103516E-04
469   1.220703E-03
470   1.220703E-03
471   1.220703E-03
472   6.103516E-04
473   6.103516E-04
474   0
475   6.103516E-04
476   0
477   0
478   -6.103516E-04
479   -6.103516E-04
480   0
481   0
482   6.103516E-04
483   6.103516E-04
484   6.103516E-04
485   6.103516E-04
486   6.103516E-04
487   1.220703E-03
488   1.220703E-03
489   1.220703E-03
490   6.103516E-04
491   0
492   0
493   0
494   0
495   -6.103516E-04
496   0
497   0
498   0
499   6.103516E-04
500   6.103516E-04
501   6.103516E-04
502   1.220703E-03
503   6.103516E-04
504   1.220703E-03
505   1.220703E-03
506   1.220703E-03
507   0
508   0
509   0
510   -6.103516E-04
511   -6.103516E-04
512   0
513   0
514   0
515   0
516   0
517   6.103516E-04
518   6.103516E-04
519   1.220703E-03
520   1.220703E-03
521   1.220703E-03
522   1.220703E-03
523   6.103516E-04
524   0
525   6.103516E-04
526   0
527   0
528   -6.103516E-04
529   -6.103516E-04
530   0
531   0
532   0
533   6.103516E-04
534   0
535   6.103516E-04
536   6.103516E-04
537   1.220703E-03
538   1.220703E-03
539   6.103516E-04
540   0
541   6.103516E-04
542   0
543   -6.103516E-04
544   -6.103516E-04
545   0
546   0
547   -6.103516E-04
548   0
549   0
550   6.103516E-04
551   6.103516E-04
552   6.103516E-04
553   1.220703E-03
554   1.220703E-03
555   1.220703E-03
556   1.220703E-03
557   6.103516E-04
558   6.103516E-04
559   0
560   0
561   -6.103516E-04
562   0
563   0
564   0
565   0
566   0
567   6.103516E-04
568   1.220703E-03
569   1.220703E-03
570   6.103516E-04
571   6.103516E-04
572   1.220703E-03
573   1.220703E-03
574   6.103516E-04
575   6.103516E-04
576   -6.103516E-04
577   0
578   -6.103516E-04
579   -6.103516E-04
580   0
581   -6.103516E-04
582   0
583   6.103516E-04
584   6.103516E-04
585   6.103516E-04
586   6.103516E-04
587   1.220703E-03
588   1.220703E-03
589   6.103516E-04
590   0
591   6.103516E-04
592   0
593   0
594   -6.103516E-04
595   0
596   0
597   0
598   -6.103516E-04
599   0
600   6.103516E-04
601   1.220703E-03
602   1.220703E-03
603   6.103516E-04
604   6.103516E-04
605   1.220703E-03
606   6.103516E-04
607   6.103516E-04
608   0
609   0
610   0
611   0
612   -6.103516E-04
613   -6.103516E-04
614   0
615   0
616   6.103516E-04
617   6.103516E-04
618   6.103516E-04
619   6.103516E-04
620   1.220703E-03
621   6.103516E-04
622   6.103516E-04
623   6.103516E-04
624   6.103516E-04
625   0
626   -6.103516E-04
627   0
628   0
629   -6.103516E-04
630   0
631   -6.103516E-04
632   0
633   1.220703E-03
634   6.103516E-04
635   6.103516E-04
636   6.103516E-04
637   1.220703E-03
638   1.220703E-03
639   6.103516E-04
640   6.103516E-04
641   0
642   0
643   0
644   0
645   -6.103516E-04
646   0
647   0
648   0
649   6.103516E-04
650   6.103516E-04
651   6.103516E-04
652   6.103516E-04
653   6.103516E-04
654   6.103516E-04
655   1.220703E-03
656   1.220703E-03
657   0
658   0
659   0
660   0
661   -6.103516E-04
662   -6.103516E-04
663   0
664   0
665   0
666   0
667   0
668   6.103516E-04
669   1.220703E-03
670   1.220703E-03
671   1.220703E-03
672   1.220703E-03
673   6.103516E-04
674   0
675   6.103516E-04
676   0
677   -6.103516E-04
678   -6.103516E-04
679   0
680   0
681   0
682   0
683   6.103516E-04
684   0
685   6.103516E-04
686   1.220703E-03
687   1.220703E-03
688   6.103516E-04
689   1.220703E-03
690   6.103516E-04
691   6.103516E-04
692   0
693   0
694   0
695   0
696   0
697   -6.103516E-04
698   0
699   0
700   6.103516E-04
701   6.103516E-04
702   1.220703E-03
703   1.220703E-03
704   1.220703E-03
705   1.220703E-03
706   6.103516E-04
707   0
708   0
709   0
710   0
711   -6.103516E-04
712   0
713   0
714   -6.103516E-04
715   0
716   6.103516E-04
717   6.103516E-04
718   6.103516E-04
719   1.220703E-03
720   1.220703E-03
721   6.103516E-04
722   1.220703E-03
723   6.103516E-04
724   0
725   0
726   0
727   0
728   -6.103516E-04
729   -6.103516E-04
730   0
731   -6.103516E-04
732   0
733   6.103516E-04
734   6.103516E-04
735   6.103516E-04
736   6.103516E-04
737   1.220703E-03
738   1.220703E-03
739   1.220703E-03
740   0
741   0
742   0
743   0
744   -6.103516E-04
745   0
746   0
747   0
748   0
749   0
750   6.103516E-04
751   6.103516E-04
752   6.103516E-04
753   1.220703E-03
754   1.220703E-03
755   1.220703E-03
756   6.103516E-04
757   0
758   6.103516E-04
759   0
760   0
761   -6.103516E-04
762   0
763   -6.103516E-04
764   0
765   0
766   6.103516E-04
767   6.103516E-04
768   6.103516E-04
769   1.220703E-03
770   1.220703E-03
771   1.220703E-03
772   6.103516E-04
773   1.220703E-03
774   6.103516E-04
775   0
776   0
777   0
778   -6.103516E-04
779   -6.103516E-04
780   0
781   0
782   -6.103516E-04
783   6.103516E-04
784   6.103516E-04
785   1.220703E-03
786   1.220703E-03
787   1.220703E-03
788   1.220703E-03
789   1.220703E-03
790   6.103516E-04
791   0
792   0
793   0
794   0
795   -6.103516E-04
796   0
797   0
798   0
799   0
800   6.103516E-04
801   6.103516E-04
802   6.103516E-04
803   1.220703E-03
804   1.220703E-03
805   6.103516E-04
806   1.220703E-03
807   6.103516E-04
808   0
809   0
810   -6.103516E-04
811   -6.103516E-04
812   0
813   -6.103516E-04
814   -6.103516E-04
815   0
816   0
817   6.103516E-04
818   6.103516E-04
819   1.220703E-03
820   6.103516E-04
821   1.220703E-03
822   1.220703E-03
823   6.103516E-04
824   0
825   0
826   0
827   -1.220703E-03
828   0
829   0
830   0
831   0
832   0
833   0
834   6.103516E-04
835   1.220703E-03
836   1.220703E-03
837   6.103516E-04
838   6.103516E-04
839   1.220703E-03
840   6.103516E-04
841   6.103516E-04
842   0
843   0
844   -6.103516E-04
845   0
846   0
847   0
848   0
849   0
850   6.103516E-04
851   6.103516E-04
852   1.220703E-03
853   1.220703E-03
854   6.103516E-04
855   6.103516E-04
856   1.220703E-03
857   6.103516E-04
858   0
859   0
860   0
861   0
862   0
863   -6.103516E-04
864   0
865   0
866   0
867   6.103516E-04
868   6.103516E-04
869   1.220703E-03
870   1.220703E-03
871   1.220703E-03
872   1.220703E-03
873   6.103516E-04
874   0
875   0
876   0
877   -6.103516E-04
878   0
879   -6.103516E-04
880   0
881   0
882   6.103516E-04
883   6.103516E-04
884   0
885   1.220703E-03
886   1.220703E-03
887   1.220703E-03
888   6.103516E-04
889   6.103516E-04
890   6.103516E-04
891   6.103516E-04
892   0
893   0
894   -6.103516E-04
895   -6.103516E-04
896   -6.103516E-04
897   0
898   0
899   0
900   6.103516E-04
901   6.103516E-04
902   1.220703E-03
903   1.220703E-03
904   1.220703E-03
905   6.103516E-04
906   1.220703E-03
907   6.103516E-04
908   0
909   0
910   0
911   -6.103516E-04
912   0
913   0
914   0
915   0
916   0
917   0
918   1.220703E-03
919   6.103516E-04
920   1.220703E-03
921   1.220703E-03
922   6.103516E-04
923   6.103516E-04
924   0
925   0
926   0
927   0
928   -6.103516E-04
929   0
930   -6.103516E-04
931   0
932   0
933   6.103516E-04
934   6.103516E-04
935   1.220703E-03
936   1.220703E-03
937   1.220703E-03
938   6.103516E-04
939   6.103516E-04
940   6.103516E-04
941   6.103516E-04
942   0
943   -6.103516E-04
944   0
945   0
946   0
947   -6.103516E-04
948   0
949   0
950   0
951   6.103516E-04
952   1.220703E-03
953   6.103516E-04
954   6.103516E-04
955   1.220703E-03
956   1.220703E-03
957   6.103516E-04
958   0
959   -6.103516E-04
960   0
961   0
962   0
963   0
964   0
965   0
966   6.103516E-04
967   6.103516E-04
968   1.220703E-03
969   1.220703E-03
970   6.103516E-04
971   6.103516E-04
972   1.220703E-03
973   6.103516E-04
974   0
975   0
976   0
977   -6.103516E-04
978   -6.103516E-04
979   0
980   0
981   -6.103516E-04
982   0
983   6.103516E-04
984   6.103516E-04
985   1.220703E-03
986   1.220703E-03
987   1.220703E-03
988   6.103516E-04
989   1.220703E-03
990   6.103516E-04
991   0
992   0
993   0
994   0
995   -6.103516E-04
996   0
997   0
998   0
999   0
1000   6.103516E-04
1001   1.220703E-03
1002   1.220703E-03
1003   6.103516E-04
1004   1.220703E-03
1005   6.103516E-04
1006   1.220703E-03
1007   0
1008   0
1009   0
1010   0
1011   0
1012   -6.103516E-04
1013   0
1014   -6.103516E-04
1015   0
1016   0
1017   6.103516E-04
1018   1.220703E-03
1019   1.220703E-03
1020   1.220703E-03
1021   1.220703E-03
1022   6.103516E-04
1023   6.103516E-04
1024   0
1025   0
1026   0
1027   0
1028   0
1029   -6.103516E-04
1030   0
1031   0
1032   0
1033   6.103516E-04
1034   6.103516E-04
1035   1.220703E-03
1036   1.220703E-03
1037   1.220703E-03
1038   6.103516E-04
1039   6.103516E-04
1040   6.103516E-04
1041   0
1042   0
1043   0
1044   -6.103516E-04
1045   -6.103516E-04
1046   0
1047   0
1048   0
1049   0
1050   0
1051   1.220703E-03
1052   1.220703E-03
1053   1.220703E-03
1054   1.220703E-03
1055   1.220703E-03
1056   6.103516E-04
1057   6.103516E-04
1058   0
1059   0
1060   0
1061   -6.103516E-04
1062   -6.103516E-04
1063   0
1064   0
1065   0
1066   0
1067   6.103516E-04
1068   6.103516E-04
1069   1.831055E-03
1070   1.220703E-03
1071   1.220703E-03
1072   1.220703E-03
1073   6.103516E-04
1074   6.103516E-04
1075   0
1076   0
1077   -6.103516E-04
1078   -6.103516E-04
1079   -6.103516E-04
1080   0
1081   -6.103516E-04
1082   0
1083   0
1084   6.103516E-04
1085   1.220703E-03
1086   1.220703E-03
1087   1.220703E-03
1088   6.103516E-04
1089   1.220703E-03
1090   6.103516E-04
1091   0
1092   0
1093   -6.103516E-04
1094   -6.103516E-04
1095   -6.103516E-04
1096   0
1097   -6.103516E-04
1098   0
1099   6.103516E-04
1100   6.103516E-04
1101   6.103516E-04
1102   6.103516E-04
1103   1.220703E-03
1104   1.220703E-03
1105   1.220703E-03
1106   6.103516E-04
1107   0
1108   -6.103516E-04
1109   0
1110   0
1111   -6.103516E-04
1112   -6.103516E-04
1113   0
1114   0
1115   0
1116   0
1117   6.103516E-04
1118   1.220703E-03
1119   1.220703E-03
1120   1.220703E-03
1121   1.220703E-03
1122   6.103516E-04
1123   6.103516E-04
1124   0
1125   -6.103516E-04
1126   0
1127   0
1128   0
1129   0
1130   -6.103516E-04
1131   0
1132   6.103516E-04
1133   6.103516E-04
1134   6.103516E-04
1135   6.103516E-04
1136   6.103516E-04
1137   1.220703E-03
1138   6.103516E-04
1139   6.103516E-04
1140   6.103516E-04
1141   6.103516E-04
1142   0
1143   0
1144   -6.103516E-04
1145   -6.103516E-04
1146   0
1147   0
1148   0
1149   0
1150   6.103516E-04
1151   1.220703E-03
1152   1.220703E-03
1153   6.103516E-04
1154   1.220703E-03
1155   1.220703E-03
1156   6.103516E-04
1157   0
1158   0
1159   0
1160   0
1161   -6.103516E-04
1162   -6.103516E-04
1163   0
1164   0
1165   0
1166   6.103516E-04
1167   6.103516E-04
1168   6.103516E-04
1169   6.103516E-04
1170   1.220703E-03
1171   1.220703E-03
1172   6.103516E-04
1173   0
1174   6.103516E-04
1175   0
1176   0
1177   0
1178   0
1179   -6.103516E-04
1180   0
1181   0
1182   0
1183   6.103516E-04
1184   1.220703E-03
1185   1.220703E-03
1186   1.220703E-03
1187   1.220703E-03
1188   1.220703E-03
1189   6.103516E-04
1190   0
1191   6.103516E-04
1192   0
1193   -6.103516E-04
1194   -6.103516E-04
1195   0
1196   -6.103516E-04
1197   -6.103516E-04
1198   0
1199   6.103516E-04
1200   6.103516E-04
1201   6.103516E-04
1202   6.103516E-04
1203   1.220703E-03
1204   1.220703E-03
1205   1.220703E-03
1206   6.103516E-04
1207   0
1208   0
1209   0
1210   0
1211   -6.103516E-04
1212   -6.103516E-04
1213   -6.103516E-04
1214   0
1215   0
1216   6.103516E-04
1217   6.103516E-04
1218   1.220703E-03
1219   0
1220   6.103516E-04
1221   1.220703E-03
1222   1.220703E-03
1223   6.103516E-04
1224   0
1225   0
1226   0
1227   0
1228   -6.103516E-04
1229   0
1230   0
1231   0
1232   0
1233   1.220703E-03
1234   0
1235   6.103516E-04
1236   6.103516E-04
1237   1.220703E-03
1238   1.220703E-03
1239   1.220703E-03
1240   0
1241   0
1242   6.103516E-04
1243   0
1244   -6.103516E-04
1245   -6.103516E-04
1246   0
1247   0
1248   0
1249   0
1250   6.103516E-04
1251   6.103516E-04
1252   1.220703E-03
1253   1.220703E-03
1254   6.103516E-04
1255   6.103516E-04
1256   6.103516E-04
1257   0
1258   -6.103516E-04
1259   -6.103516E-04
1260   0
1261   0
1262   -6.103516E-04
1263   -6.103516E-04
1264   0
1265   0
1266   6.103516E-04
1267   6.103516E-04
1268   6.103516E-04
1269   1.220703E-03
1270   1.220703E-03
1271   1.220703E-03
1272   6.103516E-04
1273   6.103516E-04
1274   0
1275   0
1276   0
1277   -6.103516E-04
1278   -6.103516E-04
1279   -6.103516E-04
1280   0
1281   0
1282   0
1283   0
1284   6.103516E-04
1285   6.103516E-04
1286   1.220703E-03
1287   1.220703E-03
1288   1.220703E-03
1289   1.220703E-03
1290   0
1291   0
1292   0
1293   -6.103516E-04
1294   0
1295   -6.103516E-04
1296   -6.103516E-04
1297   0
1298   0
1299   0
1300   6.103516E-04
1301   1.220703E-03
1302   6.103516E-04
1303   6.103516E-04
1304   1.220703E-03
1305   1.220703E-03
1306   6.103516E-04
1307   0
1308   0
1309   0
1310   0
1311   0
1312   -6.103516E-04
1313   0
1314   0
1315   0
1316   6.103516E-04
1317   6.103516E-04
1318   6.103516E-04
1319   1.220703E-03
1320   1.220703E-03
1321   1.220703E-03
1322   6.103516E-04
1323   0
1324   6.103516E-04
1325   6.103516E-04
1326   0
1327   -6.103516E-04
1328   0
1329   0
1330   -6.103516E-04
1331   0
1332   6.103516E-04
1333   6.103516E-04
1334   6.103516E-04
1335   6.103516E-04
1336   6.103516E-04
1337   1.220703E-03
1338   1.220703E-03
1339   6.103516E-04
1340   0
1341   0
1342   0
1343   -6.103516E-04
1344   0
1345   0
1346   -6.103516E-04
1347   -6.103516E-04
1348   0
1349   6.103516E-04
1350   6.103516E-04
1351   6.103516E-04
1352   0
1353   1.220703E-03
1354   1.220703E-03
1355   6.103516E-04
1356   6.103516E-04
1357   6.103516E-04
1358   0
1359   0
1360   0
1361   -6.103516E-04
1362   0
1363   -6.103516E-04
1364   -6.103516E-04
1365   0
1366   6.103516E-04
1367   6.103516E-04
1368   1.220703E-03
1369   6.103516E-04
1370   6.103516E-04
1371   6.103516E-04
1372   6.103516E-04
1373   6.103516E-04
1374   6.103516E-04
1375   0
1376   0
1377   -6.103516E-04
1378   0
1379   0
1380   -6.103516E-04
1381   -6.103516E-04
1382   0
1383   6.103516E-04
1384   6.103516E-04
1385   6.103516E-04
1386   6.103516E-04
1387   1.220703E-03
1388   1.220703E-03
1389   1.220703E-03
1390   6.103516E-04
1391   0
1392   6.103516E-04
1393   0
1394   0
1395   -6.103516E-04
1396   -6.103516E-04
1397   -6.103516E-04
1398   0
1399   6.103516E-04
1400   6.103516E-04
1401   1.220703E-03
1402   1.220703E-03
1403   1.220703E-03
1404   6.103516E-04
1405   6.103516E-04
1406   6.103516E-04
1407   0
1408   0
1409   0
1410   0
1411   -6.103516E-04
1412   0
1413   -6.103516E-04
1414   0
1415   0
1416   0
1417   1.220703E-03
1418   6.103516E-04
1419   6.103516E-04
1420   6.103516E-04
1421   6.103516E-04
1422   1.220703E-03
1423   6.103516E-04
1424   0
1425   0
1426   -6.103516E-04
1427   0
1428   0
1429   -6.103516E-04
1430   -6.103516E-04
1431   0
1432   6.103516E-04
1433   6.103516E-04
1434   6.103516E-04
1435   6.103516E-04
1436   1.220703E-03
1437   1.220703E-03
1438   6.103516E-04
1439   6.103516E-04
1440   6.103516E-04
1441   0
1442   0
1443   0
1444   -6.103516E-04
1445   -6.103516E-04
1446   0
1447   0
1448   0
1449   0
1450   0
1451   6.103516E-04
1452   1.220703E-03
1453   1.220703E-03
1454   6.103516E-04
1455   6.103516E-04
1456   6.103516E-04
1457   6.103516E-04
1458   6.103516E-04
1459   0
1460   -6.103516E-04
1461   -6.103516E-04
1462   -6.103516E-04
1463   0
1464   0
1465   0
1466   0
1467   6.103516E-04
1468   1.220703E-03
1469   6.103516E-04
1470   6.103516E-04
1471   1.220703E-03
1472   1.220703E-03
1473   6.103516E-04
1474   0
1475   0
1476   -6.103516E-04
1477   0
1478   -6.103516E-04
1479   -6.103516E-04
1480   0
1481   0
1482   6.103516E-04
1483   6.103516E-04
1484   6.103516E-04
1485   6.103516E-04
1486   1.220703E-03
1487   1.220703E-03
1488   1.220703E-03
1489   6.103516E-04
1490   0
1491   0
1492   0
1493   0
1494   -6.103516E-04
1495   -6.103516E-04
1496   0
1497   -6.103516E-04
1498   0
1499   0
1500   0
1501   6.103516E-04
1502   1.220703E-03
1503   6.103516E-04
1504   6.103516E-04
1505   6.103516E-04
1506   1.220703E-03
1507   6.103516E-04
1508   0
1509   0
1510   0
1511   -6.103516E-04
1512   0
1513   0
1514   0
1515   0
1516   6.103516E-04
1517   6.103516E-04
1518   6.103516E-04
1519   6.103516E-04
1520   1.220703E-03
1521   6.103516E-04
1522   1.220703E-03
1523   6.103516E-04
1524   6.103516E-04
1525   0
1526   0
1527   0
1528   0
1529   -6.103516E-04
1530   0
1531   0
1532   6.103516E-04
1533   6.103516E-04
1534   6.103516E-04
1535   6.103516E-04
1536   6.103516E-04
1537   1.220703E-03
1538   6.103516E-04
1539   1.220703E-03
1540   6.103516E-04
1541   0
1542   0
1543   0
1544   -6.103516E-04
1545   0
1546   -6.103516E-04
1547   0
1548   0
1549   0
1550   6.103516E-04
1551   1.220703E-03
1552   1.220703E-03
1553   1.220703E-03
1554   6.103516E-04
1555   6.103516E-04
1556   1.220703E-03
1557   6.103516E-04
1558   0
1559   0
1560   -6.103516E-04
1561   -6.103516E-04
1562   -6.103516E-04
1563   -6.103516E-04
1564   0
1565   6.103516E-04
1566   6.103516E-04
1567   6.103516E-04
1568   6.103516E-04
1569   1.220703E-03
1570   1.220703E-03
1571   6.103516E-04
1572   1.220703E-03
1573   6.103516E-04
1574   0
1575   0
1576   0
1577   0
1578   0
1579   0
1580   0
1581   0
1582   6.103516E-04
1583   6.103516E-04
1584   6.103516E-04
1585   6.103516E-04
1586   1.220703E-03
1587   1.220703E-03
1588   6.103516E-04
1589   1.220703E-03
1590   6.103516E-04
1591   6.103516E-04
1592   0
1593   -6.103516E-04
1594   -6.103516E-04
1595   -6.103516E-04
1596   0
1597   0
1598   0
1599   0
1600   0
1601   6.103516E-04
1602   6.103516E-04
1603   1.220703E-03
1604   6.103516E-04
1605   6.103516E-04
1606   6.103516E-04
1607   0
1608   0
1609   0
1610   0
1611   -6.103516E-04
1612   -6.103516E-04
1613   0
1614   0
1615   0
1616   6.103516E-04
1617   6.103516E-04
1618   6.103516E-04
1619   6.103516E-04
1620   1.220703E-03
1621   6.103516E-04
1622   6.103516E-04
1623   6.103516E-04
1624   6.103516E-04
1625   0
1626   -6.103516E-04
1627   0
1628   0
1629   0
1630   -6.103516E-04
1631   0
1632   6.103516E-04
1633   6.103516E-04
1634   6.103516E-04
1635   6.103516E-04
1636   6.103516E-04
1637   1.220703E-03
1638   1.220703E-03
1639   6.103516E-04
1640   -6.103516E-04
1641   -6.103516E-04
1642   0
1643   0
1644   -6.103516E-04
1645   0
1646   0
1647   0
1648   0
1649   6.103516E-04
1650   6.103516E-04
1651   6.103516E-04
1652   6.103516E-04
1653   1.220703E-03
1654   6.103516E-04
1655   6.103516E-04
1656   6.103516E-04
1657   0
1658   0
1659   -6.103516E-04
1660   -6.103516E-04
1661   -6.103516E-04
1662   0
1663   0
1664   0
1665   6.103516E-04
1666   6.103516E-04
1667   6.103516E-04
1668   6.103516E-04
1669   6.103516E-04
1670   1.220703E-03
1671   1.220703E-03
1672   1.220703E-03
1673   6.103516E-04
1674   0
1675   0
1676   -6.103516E-04
1677   0
1678   0
1679   0
1680   -6.103516E-04
1681   0
1682   0
1683   6.103516E-04
1684   1.220703E-03
1685   1.220703E-03
1686   1.220703E-03
1687   6.103516E-04
1688   1.220703E-03
1689   1.220703E-03
1690   6.103516E-04
1691   0
1692   0
1693   -6.103516E-04
1694   0
1695   -6.103516E-04
1696   0
1697   0
1698   0
1699   0
1700   6.103516E-04
1701   6.103516E-04
1702   6.103516E-04
1703   1.220703E-03
1704   1.220703E-03
1705   6.103516E-04
1706   6.103516E-04
1707   0
1708   0
1709   0
1710   0
1711   -6.103516E-04
1712   -6.103516E-04
1713   0
1714   0
1715   0
1716   0
1717   6.103516E-04
1718   1.220703E-03
1719   1.220703E-03
1720   6.103516E-04
1721   1.220703E-03
1722   6.103516E-04
1723   6.103516E-04
1724   6.103516E-04
1725   0
1726   0
1727   0
1728   0
1729   0
1730   -6.103516E-04
1731   0
1732   0
1733   6.103516E-04
1734   1.220703E-03
1735   6.103516E-04
1736   6.103516E-04
1737   1.220703E-03
1738   1.220703E-03
1739   1.220703E-03
1740   0
1741   6.103516E-04
1742   0
1743   -6.103516E-04
1744   0
1745   0
1746   0
1747   0
1748   0
1749   6.103516E-04
1750   6.103516E-04
1751   1.220703E-03
1752   1.220703E-03
1753   1.220703E-03
1754   6.103516E-04
1755   6.103516E-04
1756   6.103516E-04
1757   0
1758   0
1759   0
1760   0
1761   0
1762   0
1763   0
1764   0
1765   6.103516E-04
1766   6.103516E-04
1767   6.103516E-04
1768   6.103516E-04
1769   6.103516E-04
1770   6.103516E-04
1771   1.220703E-03
1772   1.220703E-03
1773   6.103516E-04
1774   6.103516E-04
1775   0
1776   0
1777   -6.103516E-04
1778   -6.103516E-04
1779   -6.103516E-04
1780   0
1781   0
1782   6.103516E-04
1783   6.103516E-04
1784   6.103516E-04
1785   6.103516E-04
1786   6.103516E-04
1787   1.220703E-03
1788   1.220703E-03
1789   6.103516E-04
1790   6.103516E-04
1791   6.103516E-04
1792   0
1793   -6.103516E-04
1794   -6.103516E-04
1795   0
1796   0
1797   0
1798   0
1799   0
1800   6.103516E-04
1801   1.220703E-03
1802   6.103516E-04
1803   6.103516E-04
1804   1.220703E-03
1805   6.103516E-04
1806   6.103516E-04
1807   6.103516E-04
1808   0
1809   0
1810   -6.103516E-04
1811   -6.103516E-04
1812   -6.103516E-04
1813   -6.103516E-04
1814   0
1815   6.103516E-04
1816   6.103516E-04
1817   6.103516E-04
1818   6.103516E-04
1819   6.103516E-04
1820   1.220703E-03
1821   1.220703E-03
1822   1.220703E-03
1823   6.103516E-04
1824   0
1825   0
1826   -6.103516E-04
1827   0
1828   0
1829   0
1830   0
1831   0
1832   0
1833   0
1834   6.103516E-04
1835   6.103516E-04
1836   1.220703E-03
1837   1.220703E-03
1838   6.103516E-04
1839   6.103516E-04
1840   0
1841   0
1842   0
1843   0
1844   -6.103516E-04
1845   0
1846   0
1847   -6.103516E-04
1848   0
1849   6.103516E-04
1850   6.103516E-04
1851   6.103516E-04
1852   1.220703E-03
1853   6.103516E-04
1854   6.103516E-04
1855   6.103516E-04
1856   6.103516E-04
1857   6.103516E-04
1858   0
1859   -6.103516E-04
1860   0
1861   0
1862   0
1863   -6.103516E-04
1864   0
1865   0
1866   6.103516E-04
1867   6.103516E-04
1868   6.103516E-04
1869   6.103516E-04
1870   0
1871   1.220703E-03
1872   1.220703E-03
1873   0
1874   0
1875   6.103516E-04
1876   0
1877   -6.103516E-04
1878   -6.103516E-04
1879   -6.103516E-04
1880   0
1881   0
1882   6.103516E-04
1883   6.103516E-04
1884   6.103516E-04
1885   6.103516E-04
1886   1.220703E-03
1887   6.103516E-04
1888   6.103516E-04
1889   6.103516E-04
1890   6.103516E-04
1891   0
1892   0
1893   -6.103516E-04
1894   -6.103516E-04
1895   -6.103516E-04
1896   0
1897   0
1898   6.103516E-04
1899   0
1900   6.103516E-04
1901   6.103516E-04
1902   6.103516E-04
1903   1.220703E-03
1904   6.103516E-04
1905   1.220703E-03
1906   6.103516E-04
1907   0
1908   0
1909   0
1910   0
1911   0
1912   0
1913   0
1914   0
1915   6.103516E-04
1916   6.103516E-04
1917   6.103516E-04
1918   6.103516E-04
1919   6.103516E-04
1920   6.103516E-04
1921   1.220703E-03
1922   1.220703E-03
1923   6.103516E-04
1924   6.103516E-04
1925   -6.103516E-04
1926   -6.103516E-04
1927   -6.103516E-04
1928   0
1929   0
1930   0
1931   0
1932   6.103516E-04
1933   0
1934   6.103516E-04
1935   1.220703E-03
1936   6.103516E-04
1937   1.220703E-03
1938   6.103516E-04
1939   6.103516E-04
1940   0
1941   0
1942   0
1943   0
1944   0
1945   0
1946   0
1947   0
1948   0
1949   6.103516E-04
1950   6.103516E-04
1951   6.103516E-04
1952   1.220703E-03
1953   1.220703E-03
1954   1.220703E-03
1955   1.220703E-03
1956   6.103516E-04
1957   0
1958   0
1959   0
1960   -6.103516E-04
1961   -6.103516E-04
1962   0
1963   0
1964   0
1965   6.103516E-04
1966   0
1967   6.103516E-04
1968   6.103516E-04
1969   1.220703E-03
1970   6.103516E-04
1971   1.220703E-03
1972   1.220703E-03
1973   6.103516E-04
1974   6.103516E-04
1975   6.103516E-04
1976   0
1977   -6.103516E-04
1978   -6.103516E-04
1979   0
1980   0
1981   0
1982   0
1983   0
1984   6.103516E-04
1985   6.103516E-04
1986   1.220703E-03
1987   1.220703E-03
1988   1.220703E-03
1989   6.103516E-04
1990   6.103516E-04
1991   0
1992   0
1993   0
1994   0
1995   -6.103516E-04
1996   0
1997   0
1998   0
1999   6.103516E-04
2000   6.103516E-04
2001   6.103516E-04
2002   6.103516E-04
2003   1.220703E-03
2004   6.103516E-04
2005   6.103516E-04
2006   6.103516E-04
2007   0
2008   0
2009   -6.103516E-04
2010   0
2011   0
2012   0
2013   -6.103516E-04
2014   0
2015   0
2016   6.103516E-04
2017   6.103516E-04
2018   1.220703E-03
2019   1.220703E-03
2020   1.220703E-03
2021   6.103516E-04
2022   6.103516E-04
2023   6.103516E-04
2024   0
2025   0
2026   -6.103516E-04
2027   0
2028   0
2029   0
2030   0
2031   0
2032   0
2033   0
2034   1.220703E-03
2035   6.103516E-04
2036   1.220703E-03
2037   1.220703E-03
2038   6.103516E-04
2039   6.103516E-04
2040   0
2041   0
2042   0
2043   -6.103516E-04
2044   0
2045   0
2046   0
2047   -6.103516E-04
2048   0
2049   0
2050   6.103516E-04
2051   6.103516E-04
2052   1.220703E-03
2053   1.220703E-03
2054   6.103516E-04
2055   1.220703E-03
2056   6.103516E-04
2057   6.103516E-04
2058   0
2059   0
2060   0
2061   0
2062   0
2063   0
2064   -6.103516E-04
2065   6.103516E-04
2066   6.103516E-04
2067   6.103516E-04
2068   1.220703E-03
2069   6.103516E-04
2070   6.103516E-04
2071   1.220703E-03
2072   1.220703E-03
2073   6.103516E-04
2074   0
2075   6.103516E-04
2076   0
2077   0
2078   -6.103516E-04
2079   -6.103516E-04
2080   0
2081   0
2082   6.103516E-04
2083   0
2084   6.103516E-04
2085   6.103516E-04
2086   1.220703E-03
2087   1.220703E-03
2088   6.103516E-04
2089   6.103516E-04
2090   0
2091   0
2092   0
2093   0
2094   0
2095   -6.103516E-04
2096   0
2097   -6.103516E-04
2098   0
2099   0
2100   6.103516E-04
2101   1.220703E-03
2102   1.220703E-03
2103   1.220703E-03
2104   6.103516E-04
2105   6.103516E-04
2106   6.103516E-04
2107   6.103516E-04
2108   6.103516E-04
2109   0
2110   0
2111   -6.103516E-04
2112   0
2113   0
2114   0
2115   0
2116   6.103516E-04
2117   6.103516E-04
2118   6.103516E-04
2119   1.220703E-03
2120   6.103516E-04
2121   6.103516E-04
2122   1.220703E-03
2123   6.103516E-04
2124   0
2125   0
2126   0
2127   0
2128   0
2129   -6.103516E-04
2130   0
2131   0
2132   6.103516E-04
2133   6.103516E-04
2134   1.220703E-03
2135   6.103516E-04
2136   1.220703E-03
2137   6.103516E-04
2138   6.103516E-04
2139   6.103516E-04
2140   6.103516E-04
2141   0
2142   0
2143   -6.103516E-04
2144   0
2145   0
2146   0
2147   0
2148   0
2149   0
2150   0
2151   1.220703E-03
2152   1.220703E-03
2153   1.220703E-03
2154   6.103516E-04
2155   6.103516E-04
2156   6.103516E-04
2157   6.103516E-04
2158   0
2159   0
2160   0
2161   -6.103516E-04
2162   -6.103516E-04
2163   0
2164   0
2165   6.103516E-04
2166   6.103516E-04
2167   6.103516E-04
2168   1.220703E-03
2169   1.220703E-03
2170   1.220703E-03
2171   6.103516E-04
2172   6.103516E-04
2173   0
2174   0
2175   0
2176   0
2177   -6.103516E-04
2178   -6.103516E-04
2179   0
2180   0
2181   0
2182   0
2183   0
2184   6.103516E-04
2185   1.220703E-03
2186   6.103516E-04
2187   1.220703E-03
2188   1.220703E-03
2189   6.103516E-04
2190   0
2191   0
2192   0
2193   0
2194   0
2195   -6.103516E-04
2196   -6.103516E-04
2197   0
2198   6.103516E-04
2199   6.103516E-04
2200   6.103516E-04
2201   6.103516E-04
2202   1.220703E-03
2203   6.103516E-04
2204   6.103516E-04
2205   1.220703E-03
2206   6.103516E-04
2207   0
2208   0
2209   0
2210   0
2211   0
2212   0
2213   -6.103516E-04
2214   0
2215   0
2216   6.103516E-04
2217   6.103516E-04
2218   1.220703E-03
2219   6.103516E-04
2220   1.220703E-03
2221   1.220703E-03
2222   1.220703E-03
2223   6.103516E-04
2224   6.103516E-04
2225   6.103516E-04
2226   0
2227   0
2228   -6.103516E-04
2229   -6.103516E-04
2230   0
2231   0
2232   0
2233   6.103516E-04
2234   1.220703E-03
2235   1.220703E-03
2236   1.220703E-03
2237   6.103516E-04
2238   6.103516E-04
2239   6.103516E-04
2240   6.103516E-04
2241   0
2242   0
2243   0
2244   0
2245   -6.103516E-04
2246   0
2247   -6.103516E-04
2248   0
2249   0
2250   6.103516E-04
2251   1.220703E-03
2252   1.220703E-03
2253   1.220703E-03
2254   1.220703E-03
2255   6.103516E-04
2256   6.103516E-04
2257   0
2258   0
2259   0
2260   0
2261   -6.103516E-04
2262   -6.103516E-04
2263   0
2264   0
2265   0
2266   6.103516E-04
2267   1.220703E-03
2268   6.103516E-04
2269   6.103516E-04
2270   1.220703E-03
2271   1.220703E-03
2272   1.220703E-03
2273   0
2274   0
2275   0
2276   0
2277   0
2278   0
2279   0
2280   -6.103516E-04
2281   0
2282   0
2283   6.103516E-04
2284   1.220703E-03
2285   1.220703E-03
2286   1.220703E-03
2287   1.220703E-03
2288   6.103516E-04
2289   6.103516E-04
2290   6.103516E-04
2291   0
2292   0
2293   0
2294   0
2295   -6.103516E-04
2296   0
2297   -6.103516E-04
2298   0
2299   6.103516E-04
2300   6.103516E-04
2301   6.103516E-04
2302   1.220703E-03
2303   1.220703E-03
2304   6.103516E-04
2305   1.220703E-03
2306   6.103516E-04
2307   6.103516E-04
2308   0
2309   0
2310   0
2311   -6.103516E-04
2312   0
2313   0
2314   0
2315   0
2316   0
2317   6.103516E-04
2318   1.220703E-03
2319   1.220703E-03
2320   1.220703E-03
2321   1.220703E-03
2322   1.220703E-03
2323   0
2324   0
2325   0
2326   -6.103516E-04
2327   0
2328   0
2329   0
2330   -6.103516E-04
2331   0
2332   0
2333   0
2334   6.103516E-04
2335   1.220703E-03
2336   1.220703E-03
2337   1.220703E-03
2338   6.103516E-04
2339   6.103516E-04
2340   0
2341   0
2342   0
2343   0
2344   0
2345   -6.103516E-04
2346   0
2347   -6.103516E-04
2348   0
2349   6.103516E-04
2350   6.103516E-04
2351   6.103516E-04
2352   6.103516E-04
2353   1.220703E-03
2354   6.103516E-04
2355   1.220703E-03
2356   6.103516E-04
2357   6.103516E-04
2358   0
2359   -6.103516E-04
2360   -6.103516E-04
2361   -6.103516E-04
2362   -6.103516E-04
2363   -6.103516E-04
2364   0
2365   6.103516E-04
2366   6.103516E-04
2367   6.103516E-04
2368   1.220703E-03
2369   1.220703E-03
2370   6.103516E-04
2371   6.103516E-04
2372   1.220703E-03
2373   0
2374   0
2375   0
2376   0
2377   0
2378   0
2379   -6.103516E-04
2380   0
2381   0
2382   6.103516E-04
2383   6.103516E-04
2384   1.220703E-03
2385   6.103516E-04
2386   6.103516E-04
2387   6.103516E-04
2388   6.103516E-04
2389   6.103516E-04
2390   6.103516E-04
2391   6.103516E-04
2392   0
2393   0
2394   -6.103516E-04
2395   -6.103516E-04
2396   0
2397   0
2398   6.103516E-04
2399   0
2400   6.103516E-04
2401   6.103516E-04
2402   1.220703E-03
2403   1.220703E-03
2404   1.220703E-03
2405   1.220703E-03
2406   6.103516E-04
2407   0
2408   6.103516E-04
2409   0
2410   0
2411   -6.103516E-04
2412   -6.103516E-04
2413   -6.103516E-04
2414   -6.103516E-04
2415   0
2416   6.103516E-04
2417   6.103516E-04
2418   6.103516E-04
2419   6.103516E-04
2420   6.103516E-04
2421   1.220703E-03
2422   1.220703E-03
2423   6.103516E-04
2424   0
2425   0
2426   0
2427   -6.103516E-04
2428   -6.103516E-04
2429   0
2430   0
2431   0
2432   6.103516E-04
2433   6.103516E-04
2434   1.220703E-03
2435   1.220703E-03
2436   1.220703E-03
2437   1.220703E-03
2438   6.103516E-04
2439   6.103516E-04
2440   0
2441   0
2442   0
2443   0
2444   0
2445   0
2446   -6.103516E-04
2447   -6.103516E-04
2448   0
2449   6.103516E-04
2450   0
2451   6.103516E-04
2452   1.220703E-03
2453   1.220703E-03
2454   1.220703E-03
2455   6.103516E-04
2456   6.103516E-04
2457   0
2458   0
2459   0
2460   -6.103516E-04
2461   -6.103516E-04
2462   0
2463   0
2464   0
2465   0
2466   0
2467   6.103516E-04
2468   1.220703E-03
2469   1.220703E-03
2470   6.103516E-04
2471   1.220703E-03
2472   6.103516E-04
2473   6.103516E-04
2474   0
2475   0
2476   0
2477   0
2478   -6.103516E-04
2479   0
2480   -6.103516E-04
2481   0
2482   0
2483   6.103516E-04
2484   6.103516E-04
2485   0
2486   1.220703E-03
2487   1.220703E-03
2488   1.220703E-03
2489   6.103516E-04
2490   0
2491   0
2492   0
2493   -6.103516E-04
2494   -6.103516E-04
2495   -6.103516E-04
2496   0
2497   0
2498   6.103516E-04
2499   0
2500   6.103516E-04
2501   1.220703E-03
2502   1.220703E-03
2503   1.220703E-03
2504   6.103516E-04
2505   1.220703E-03
2506   6.103516E-04
2507   0
2508   0
2509   0
2510   0
2511   -6.103516E-04
2512   -6.103516E-04
2513   0
2514   0
2515   6.103516E-04
2516   0
2517   6.103516E-04
2518   6.103516E-04
2519   1.220703E-03
2520   6.103516E-04
2521   1.220703E-03
2522   1.220703E-03
2523   0
2524   0
2525   0
2526   0
2527   0
2528   0
2529   0
2530   -6.103516E-04
2531   0
2532   6.103516E-04
2533   6.103516E-04
2534   1.220703E-03
2535   6.103516E-04
2536   1.220703E-03
2537   6.103516E-04
2538   6.103516E-04
2539   6.103516E-04
2540   6.103516E-04
2541   0
2542   0
2543   -6.103516E-04
2544   0
2545   0
2546   0
2547   0
2548   6.103516E-04
2549   6.103516E-04
2550   6.103516E-04
2551   6.103516E-04
2552   1.220703E-03
2553   1.220703E-03
2554   1.220703E-03
2555   6.103516E-04
2556   0
2557   6.103516E-04
2558   6.103516E-04
2559   0
2560   0
2561   -6.103516E-04
2562   -6.103516E-04
2563   0
2564   6.103516E-04
2565   0
2566   0
2567   0
2568   1.220703E-03
2569   1.220703E-03
2570   1.220703E-03
2571   6.103516E-04
2572   6.103516E-04
2573   0
2574   0
2575   0
2576   0
2577   0
2578   0
2579   -6.103516E-04
2580   -6.103516E-04
2581   0
2582   6.103516E-04
2583   6.103516E-04
2584   1.220703E-03
2585   1.220703E-03
2586   6.103516E-04
2587   6.103516E-04
2588   6.103516E-04
2589   6.103516E-04
2590   6.103516E-04
2591   6.103516E-04
2592   0
2593   0
2594   0
2595   -6.103516E-04
2596   -6.103516E-04
2597   0
2598   6.103516E-04
2599   6.103516E-04
2600   6.103516E-04
2601   6.103516E-04
2602   6.103516E-04
2603   6.103516E-04
2604   1.220703E-03
2605   1.220703E-03
2606   6.103516E-04
2607   0
2608   0
2609   0
2610   0
2611   0
2612   -6.103516E-04
2613   -6.103516E-04
2614   0
2615   0
2616   6.103516E-04
2617   6.103516E-04
2618   1.220703E-03
2619   1.220703E-03
2620   6.103516E-04
2621   6.103516E-04
2622   1.220703E-03
2623   6.103516E-04
2624   0
2625   0
2626   0
2627   -6.103516E-04
2628   -6.103516E-04
2629   -6.103516E-04
2630   0
2631   0
2632   6.103516E-04
2633   6.103516E-04
2634   6.103516E-04
2635   6.103516E-04
2636   6.103516E-04
2637   1.220703E-03
2638   1.220703E-03
2639   1.220703E-03
2640   6.103516E-04
2641   0
2642   0
2643   -6.103516E-04
2644   0
2645   0
2646   -6.103516E-04
2647   -6.103516E-04
2648   6.103516E-04
2649   6.103516E-04
2650   6.103516E-04
2651   6.103516E-04
2652   6.103516E-04
2653   1.220703E-03
2654   6.103516E-04
2655   1.220703E-03
2656   6.103516E-04
2657   0
2658   0
2659   -6.103516E-04
2660   0
2661   -6.103516E-04
2662   0
2663   0
2664   0
2665   0
2666   6.103516E-04
2667   6.103516E-04
2668   6.103516E-04
2669   1.220703E-03
2670   1.220703E-03
2671   1.220703E-03
2672   6.103516E-04
2673   6.103516E-04
2674   0
2675   0
2676   0
2677   -6.103516E-04
2678   0
2679   0
2680   0
2681   0
2682   6.103516E-04
2683   6.103516E-04
2684   6.103516E-04
2685   6.103516E-04
2686   1.220703E-03
2687   1.220703E-03
2688   6.103516E-04
2689   6.103516E-04
2690   0
2691   0
2692   -6.103516E-04
2693   -6.103516E-04
2694   -6.103516E-04
2695   -6.103516E-04
2696   0
2697   0
2698   6.103516E-04
2699   0
2700   6.103516E-04
2701   6.103516E-04
2702   6.103516E-04
2703   1.220703E-03
2704   1.220703E-03
2705   1.220703E-03
2706   6.103516E-04
2707   0
2708   0
2709   0
2710   0
2711   0
2712   0
2713   0
2714   0
2715   6.103516E-04
2716   0
2717   6.103516E-04
2718   1.220703E-03
2719   1.220703E-03
2720   1.220703E-03
2721   6.103516E-04
2722   1.220703E-03
2723   6.103516E-04
2724   0
2725   0
2726   -6.103516E-04
2727   0
2728   0
2729   0
2730   -6.103516E-04
2731   0
2732   0
2733   0
2734   6.103516E-04
2735   6.103516E-04
2736   1.220703E-03
2737   1.220703E-03
2738   6.103516E-04
2739   6.103516E-04
2740   0
2741   6.103516E-04
2742   0
2743   0
2744   -6.103516E-04
2745   -6.103516E-04
2746   -6.103516E-04
2747   0
2748   0
2749   6.103516E-04
2750   6.103516E-04
2751   6.103516E-04
2752   6.103516E-04
2753   1.220703E-03
2754   1.220703E-03
2755   6.103516E-04
2756   0
2757   0
2758   0
2759   0
2760   0
2761   0
2762   0
2763   -6.103516E-04
2764   0
2765   0
2766   6.103516E-04
2767   6.103516E-04
2768   6.103516E-04
2769   6.103516E-04
2770   1.220703E-03
2771   1.220703E-03
2772   6.103516E-04
2773   6.103516E-04
2774   0
2775   0
2776   0
2777   -6.103516E-04
2778   0
2779   0
2780   0
2781   0
2782   0
2783   6.103516E-04
2784   1.220703E-03
2785   1.220703E-03
2786   1.220703E-03
2787   1.220703E-03
2788   6.103516E-04
2789   6.103516E-04
2790   0
2791   0
2792   0
2793   -6.103516E-04
2794   -6.103516E-04
2795   -6.103516E-04
2796   0
2797   0
2798   0
2799   6.103516E-04
2800   6.103516E-04
2801   6.103516E-04
2802   6.103516E-04
2803   1.220703E-03
2804   1.220703E-03
2805   1.220703E-03
2806   6.103516E-04
2807   6.103516E-04
2808   0
2809   -6.103516E-04
2810   -6.103516E-04
2811   0
2812   0
2813   0
2814   0
2815   0
0   0
