-256   6.103516E-03
-255   6.103516E-03
-254   6.103516E-03
-253   6.713867E-03
-252   6.103516E-03
-251   6.103516E-03
-250   6.713867E-03
-249   5.493164E-03
-248   5.493164E-03
-247   5.493164E-03
-246   4.882813E-03
-245   5.493164E-03
-244   4.882813E-03
-243   4.882813E-03
-242   4.882813E-03
-241   5.493164E-03
-240   5.493164E-03
-239   6.103516E-03
-238   6.103516E-03
-237   6.713867E-03
-236   6.103516E-03
-235   6.103516E-03
-234   6.713867E-03
-233   6.103516E-03
-232   5.493164E-03
-231   6.103516E-03
-230   5.493164E-03
-229   5.493164E-03
-228   5.493164E-03
-227   4.882813E-03
-226   5.493164E-03
-225   5.493164E-03
-224   5.493164E-03
-223   6.103516E-03
-222   6.103516E-03
-221   6.713867E-03
-220   6.713867E-03
-219   6.713867E-03
-218   6.713867E-03
-217   6.713867E-03
-216   6.103516E-03
-215   6.103516E-03
-214   6.103516E-03
-213   5.493164E-03
-212   5.493164E-03
-211   4.882813E-03
-210   4.882813E-03
-209   5.493164E-03
-208   5.493164E-03
-207   6.103516E-03
-206   6.103516E-03
-205   6.103516E-03
-204   6.713867E-03
-203   6.713867E-03
-202   6.713867E-03
-201   6.713867E-03
-200   6.713867E-03
-199   5.493164E-03
-198   6.103516E-03
-197   5.493164E-03
-196   5.493164E-03
-195   5.493164E-03
-194   4.882813E-03
-193   5.493164E-03
-192   4.882813E-03
-191   5.493164E-03
-190   6.103516E-03
-189   6.103516E-03
-188   6.713867E-03
-187   7.324219E-03
-186   6.713867E-03
-185   6.713867E-03
-184   6.713867E-03
-183   6.713867E-03
-182   6.713867E-03
-181   6.103516E-03
-180   6.103516E-03
-179   5.493164E-03
-178   4.882813E-03
-177   5.493164E-03
-176   6.103516E-03
-175   5.493164E-03
-174   6.103516E-03
-173   6.103516E-03
-172   6.103516E-03
-171   6.713867E-03
-170   6.713867E-03
-169   6.713867E-03
-168   6.713867E-03
-167   6.713867E-03
-166   6.103516E-03
-165   6.103516E-03
-164   6.103516E-03
-163   5.493164E-03
-162   4.882813E-03
-161   4.882813E-03
-160   5.493164E-03
-159   5.493164E-03
-158   4.882813E-03
-157   6.103516E-03
-156   6.103516E-03
-155   6.713867E-03
-154   6.713867E-03
-153   6.103516E-03
-152   6.713867E-03
-151   6.713867E-03
-150   6.713867E-03
-149   6.103516E-03
-148   6.103516E-03
-147   5.493164E-03
-146   5.493164E-03
-145   5.493164E-03
-144   4.882813E-03
-143   5.493164E-03
-142   5.493164E-03
-141   5.493164E-03
-140   6.103516E-03
-139   6.103516E-03
-138   6.103516E-03
-137   6.713867E-03
-136   6.713867E-03
-135   6.713867E-03
-134   6.713867E-03
-133   6.103516E-03
-132   6.103516E-03
-131   5.493164E-03
-130   5.493164E-03
-129   5.493164E-03
-128   4.882813E-03
-127   5.493164E-03
-126   5.493164E-03
-125   5.493164E-03
-124   6.103516E-03
-123   6.103516E-03
-122   6.103516E-03
-121   6.713867E-03
-120   6.713867E-03
-119   6.713867E-03
-118   6.713867E-03
-117   6.103516E-03
-116   6.103516E-03
-115   5.493164E-03
-114   5.493164E-03
-113   5.493164E-03
-112   4.882813E-03
-111   5.493164E-03
-110   4.882813E-03
-109   4.882813E-03
-108   5.493164E-03
-107   5.493164E-03
-106   5.493164E-03
-105   6.103516E-03
-104   6.103516E-03
-103   6.103516E-03
-102   6.103516E-03
-101   6.713867E-03
-100   6.103516E-03
-99   5.493164E-03
-98   5.493164E-03
-97   4.882813E-03
-96   5.493164E-03
-95   4.882813E-03
-94   4.882813E-03
-93   4.882813E-03
-92   4.882813E-03
-91   5.493164E-03
-90   4.882813E-03
-89   5.493164E-03
-88   5.493164E-03
-87   6.103516E-03
-86   6.103516E-03
-85   6.713867E-03
-84   6.713867E-03
-83   6.103516E-03
-82   5.493164E-03
-81   5.493164E-03
-80   5.493164E-03
-79   5.493164E-03
-78   4.882813E-03
-77   4.882813E-03
-76   4.882813E-03
-75   4.882813E-03
-74   5.493164E-03
-73   6.103516E-03
-72   6.103516E-03
-71   6.103516E-03
-70   6.713867E-03
-69   6.103516E-03
-68   6.103516E-03
-67   6.103516E-03
-66   6.103516E-03
-65   5.493164E-03
-64   5.493164E-03
-63   4.882813E-03
-62   4.882813E-03
-61   4.882813E-03
-60   4.882813E-03
-59   4.882813E-03
-58   4.882813E-03
-57   5.493164E-03
-56   5.493164E-03
-55   6.103516E-03
-54   6.103516E-03
-53   6.103516E-03
-52   6.103516E-03
-51   6.103516E-03
-50   6.103516E-03
-49   5.493164E-03
-48   4.882813E-03
-47   5.493164E-03
-46   4.882813E-03
-45   4.272461E-03
-44   4.882813E-03
-43   4.882813E-03
-42   4.272461E-03
-41   4.882813E-03
-40   4.882813E-03
-39   5.493164E-03
-38   5.493164E-03
-37   5.493164E-03
-36   5.493164E-03
-35   6.103516E-03
-34   6.103516E-03
-33   5.493164E-03
-32   5.493164E-03
-31   4.882813E-03
-30   4.882813E-03
-29   4.272461E-03
-28   4.272461E-03
-27   3.662109E-03
-26   4.272461E-03
-25   4.272461E-03
-24   4.882813E-03
-23   4.882813E-03
-22   4.882813E-03
-21   4.882813E-03
-20   5.493164E-03
-19   4.882813E-03
-18   5.493164E-03
-17   4.882813E-03
-16   4.882813E-03
-15   4.272461E-03
-14   4.272461E-03
-13   3.662109E-03
-12   3.662109E-03
-11   3.662109E-03
-10   3.051758E-03
-9   3.662109E-03
-8   3.662109E-03
-7   4.272461E-03
-6   4.272461E-03
-5   4.882813E-03
-4   4.882813E-03
-3   4.882813E-03
-2   4.882813E-03
-1   6.713867E-03
0   3.662109E-03
1   3.662109E-03
2   4.272461E-03
3   3.662109E-03
4   3.662109E-03
5   3.051758E-03
6   3.051758E-03
7   3.051758E-03
8   3.662109E-03
9   3.662109E-03
10   4.272461E-03
11   4.272461E-03
12   4.272461E-03
13   4.272461E-03
14   4.272461E-03
15   4.272461E-03
16   4.272461E-03
17   4.272461E-03
18   3.051758E-03
19   3.662109E-03
20   3.051758E-03
21   2.441406E-03
22   2.441406E-03
23   2.441406E-03
24   2.441406E-03
25   2.441406E-03
26   3.051758E-03
27   3.662109E-03
28   3.051758E-03
29   3.662109E-03
30   3.662109E-03
31   3.662109E-03
32   3.662109E-03
33   3.051758E-03
34   3.051758E-03
35   2.441406E-03
36   3.051758E-03
37   1.831055E-03
38   1.220703E-03
39   1.831055E-03
40   1.220703E-03
41   1.831055E-03
42   1.220703E-03
43   2.441406E-03
44   1.831055E-03
45   2.441406E-03
46   2.441406E-03
47   2.441406E-03
48   2.441406E-03
49   2.441406E-03
50   2.441406E-03
51   2.441406E-03
52   1.831055E-03
53   1.831055E-03
54   1.220703E-03
55   1.220703E-03
56   6.103516E-04
57   1.220703E-03
58   6.103516E-04
59   1.831055E-03
60   1.831055E-03
61   1.831055E-03
62   1.831055E-03
63   1.831055E-03
64   2.441406E-03
65   1.831055E-03
66   2.441406E-03
67   1.220703E-03
68   1.220703E-03
69   1.831055E-03
70   1.220703E-03
71   6.103516E-04
72   6.103516E-04
73   6.103516E-04
74   6.103516E-04
75   6.103516E-04
76   1.220703E-03
77   1.831055E-03
78   1.831055E-03
79   1.831055E-03
80   1.831055E-03
81   1.831055E-03
82   1.831055E-03
83   1.220703E-03
84   1.831055E-03
85   1.220703E-03
86   1.220703E-03
87   6.103516E-04
88   6.103516E-04
89   6.103516E-04
90   0
91   6.103516E-04
92   6.103516E-04
93   1.220703E-03
94   1.220703E-03
95   1.220703E-03
96   1.831055E-03
97   1.220703E-03
98   1.831055E-03
99   1.831055E-03
100   1.220703E-03
101   1.220703E-03
102   1.220703E-03
103   6.103516E-04
104   6.103516E-04
105   0
106   0
107   0
108   6.103516E-04
109   6.103516E-04
110   1.220703E-03
111   1.220703E-03
112   1.831055E-03
113   1.220703E-03
114   1.831055E-03
115   1.831055E-03
116   1.220703E-03
117   1.220703E-03
118   6.103516E-04
119   6.103516E-04
120   0
121   6.103516E-04
122   0
123   0
124   0
125   0
126   6.103516E-04
127   1.220703E-03
128   1.220703E-03
129   1.220703E-03
130   1.831055E-03
131   1.220703E-03
132   1.220703E-03
133   1.220703E-03
134   1.220703E-03
135   6.103516E-04
136   0
137   6.103516E-04
138   0
139   0
140   0
141   0
142   0
143   6.103516E-04
144   1.220703E-03
145   1.220703E-03
146   1.220703E-03
147   1.220703E-03
148   1.220703E-03
149   1.220703E-03
150   1.220703E-03
151   1.220703E-03
152   6.103516E-04
153   6.103516E-04
154   0
155   -6.103516E-04
156   6.103516E-04
157   0
158   0
159   6.103516E-04
160   6.103516E-04
161   6.103516E-04
162   1.220703E-03
163   1.220703E-03
164   1.220703E-03
165   1.220703E-03
166   1.220703E-03
167   1.220703E-03
168   6.103516E-04
169   6.103516E-04
170   0
171   0
172   0
173   0
174   -6.103516E-04
175   0
176   0
177   6.103516E-04
178   6.103516E-04
179   1.220703E-03
180   1.220703E-03
181   1.220703E-03
182   1.220703E-03
183   6.103516E-04
184   1.220703E-03
185   6.103516E-04
186   6.103516E-04
187   0
188   0
189   -6.103516E-04
190   0
191   0
192   0
193   6.103516E-04
194   6.103516E-04
195   1.220703E-03
196   6.103516E-04
197   1.220703E-03
198   1.220703E-03
199   1.220703E-03
200   6.103516E-04
201   6.103516E-04
202   0
203   6.103516E-04
204   0
205   0
206   0
207   0
208   0
209   0
210   6.103516E-04
211   6.103516E-04
212   1.220703E-03
213   1.220703E-03
214   1.220703E-03
215   1.220703E-03
216   1.220703E-03
217   6.103516E-04
218   0
219   6.103516E-04
220   0
221   0
222   -6.103516E-04
223   -6.103516E-04
224   0
225   -6.103516E-04
226   6.103516E-04
227   6.103516E-04
228   6.103516E-04
229   1.220703E-03
230   1.220703E-03
231   1.220703E-03
232   6.103516E-04
233   6.103516E-04
234   0
235   6.103516E-04
236   0
237   0
238   0
239   0
240   0
241   0
242   0
243   0
244   6.103516E-04
245   0
246   1.220703E-03
247   6.103516E-04
248   1.220703E-03
249   1.220703E-03
250   1.220703E-03
251   0
252   6.103516E-04
253   0
254   0
255   -6.103516E-04
256   -6.103516E-04
257   0
258   0
259   6.103516E-04
260   0
261   6.103516E-04
262   6.103516E-04
263   6.103516E-04
264   1.220703E-03
265   1.220703E-03
266   1.220703E-03
267   1.220703E-03
268   6.103516E-04
269   0
270   0
271   0
272   0
273   0
274   0
275   0
276   0
277   6.103516E-04
278   6.103516E-04
279   1.220703E-03
280   1.220703E-03
281   1.220703E-03
282   1.220703E-03
283   1.220703E-03
284   6.103516E-04
285   0
286   0
287   0
288   -6.103516E-04
289   0
290   0
291   0
292   0
293   6.103516E-04
294   6.103516E-04
295   6.103516E-04
296   1.220703E-03
297   6.103516E-04
298   1.220703E-03
299   6.103516E-04
300   1.220703E-03
301   6.103516E-04
302   0
303   0
304   0
305   -6.103516E-04
306   0
307   0
308   0
309   0
310   0
311   6.103516E-04
312   6.103516E-04
313   1.220703E-03
314   1.220703E-03
315   6.103516E-04
316   1.831055E-03
317   6.103516E-04
318   0
319   6.103516E-04
320   0
321   0
322   -6.103516E-04
323   0
324   0
325   0
326   0
327   6.103516E-04
328   6.103516E-04
329   6.103516E-04
330   1.220703E-03
331   1.220703E-03
332   1.220703E-03
333   1.220703E-03
334   6.103516E-04
335   6.103516E-04
336   0
337   0
338   -6.103516E-04
339   0
340   -6.103516E-04
341   0
342   0
343   0
344   6.103516E-04
345   1.220703E-03
346   6.103516E-04
347   1.220703E-03
348   6.103516E-04
349   1.220703E-03
350   1.220703E-03
351   0
352   6.103516E-04
353   0
354   -6.103516E-04
355   -6.103516E-04
356   0
357   0
358   -6.103516E-04
359   0
360   0
361   6.103516E-04
362   1.220703E-03
363   1.220703E-03
364   1.220703E-03
365   6.103516E-04
366   1.220703E-03
367   6.103516E-04
368   6.103516E-04
369   0
370   0
371   0
372   -6.103516E-04
373   0
374   0
375   0
376   0
377   6.103516E-04
378   6.103516E-04
379   1.220703E-03
380   1.220703E-03
381   1.220703E-03
382   1.220703E-03
383   1.220703E-03
384   6.103516E-04
385   0
386   0
387   0
388   -6.103516E-04
389   0
390   0
391   0
392   0
393   6.103516E-04
394   6.103516E-04
395   6.103516E-04
396   1.220703E-03
397   1.220703E-03
398   1.220703E-03
399   1.220703E-03
400   1.220703E-03
401   6.103516E-04
402   0
403   0
404   0
405   0
406   -6.103516E-04
407   0
408   -6.103516E-04
409   0
410   0
411   6.103516E-04
412   6.103516E-04
413   1.220703E-03
414   1.220703E-03
415   1.220703E-03
416   1.220703E-03
417   1.220703E-03
418   0
419   6.103516E-04
420   0
421   0
422   -6.103516E-04
423   -6.103516E-04
424   0
425   -6.103516E-04
426   0
427   6.103516E-04
428   6.103516E-04
429   6.103516E-04
430   1.220703E-03
431   1.220703E-03
432   1.220703E-03
433   1.220703E-03
434   0
435   6.103516E-04
436   0
437   0
438   0
439   0
440   0
441   -6.103516E-04
442   0
443   6.103516E-04
444   0
445   6.103516E-04
446   1.220703E-03
447   1.220703E-03
448   1.220703E-03
449   1.220703E-03
450   6.103516E-04
451   6.103516E-04
452   0
453   0
454   0
455   0
456   -6.103516E-04
457   0
458   0
459   0
460   6.103516E-04
461   6.103516E-04
462   1.220703E-03
463   1.220703E-03
464   1.220703E-03
465   1.220703E-03
466   1.220703E-03
467   6.103516E-04
468   0
469   6.103516E-04
470   0
471   0
472   -6.103516E-04
473   0
474   0
475   -6.103516E-04
476   6.103516E-04
477   6.103516E-04
478   6.103516E-04
479   1.220703E-03
480   6.103516E-04
481   1.220703E-03
482   6.103516E-04
483   1.220703E-03
484   0
485   6.103516E-04
486   0
487   0
488   0
489   0
490   0
491   0
492   0
493   6.103516E-04
494   6.103516E-04
495   1.220703E-03
496   1.220703E-03
497   1.220703E-03
498   1.220703E-03
499   6.103516E-04
500   1.220703E-03
501   0
502   0
503   0
504   0
505   0
506   0
507   -6.103516E-04
508   0
509   0
510   6.103516E-04
511   6.103516E-04
512   6.103516E-04
513   6.103516E-04
514   1.220703E-03
515   6.103516E-04
516   6.103516E-04
517   6.103516E-04
518   0
519   0
520   0
521   0
522   0
523   0
524   0
525   0
526   6.103516E-04
527   6.103516E-04
528   6.103516E-04
529   6.103516E-04
530   1.220703E-03
531   1.220703E-03
532   6.103516E-04
533   1.220703E-03
534   6.103516E-04
535   0
536   0
537   -6.103516E-04
538   0
539   -6.103516E-04
540   0
541   0
542   0
543   6.103516E-04
544   6.103516E-04
545   1.220703E-03
546   6.103516E-04
547   1.220703E-03
548   1.220703E-03
549   1.220703E-03
550   6.103516E-04
551   6.103516E-04
552   0
553   0
554   0
555   0
556   0
557   -6.103516E-04
558   0
559   0
560   6.103516E-04
561   6.103516E-04
562   1.220703E-03
563   1.220703E-03
564   1.220703E-03
565   1.220703E-03
566   6.103516E-04
567   6.103516E-04
568   6.103516E-04
569   6.103516E-04
570   0
571   -6.103516E-04
572   0
573   -6.103516E-04
574   -6.103516E-04
575   0
576   0
577   6.103516E-04
578   6.103516E-04
579   6.103516E-04
580   1.220703E-03
581   1.220703E-03
582   1.220703E-03
583   6.103516E-04
584   6.103516E-04
585   0
586   0
587   0
588   -6.103516E-04
589   0
590   0
591   0
592   0
593   6.103516E-04
594   6.103516E-04
595   6.103516E-04
596   1.220703E-03
597   6.103516E-04
598   1.220703E-03
599   1.220703E-03
600   6.103516E-04
601   6.103516E-04
602   0
603   0
604   0
605   0
606   -6.103516E-04
607   0
608   0
609   0
610   6.103516E-04
611   0
612   6.103516E-04
613   6.103516E-04
614   1.220703E-03
615   6.103516E-04
616   1.220703E-03
617   0
618   6.103516E-04
619   0
620   0
621   0
622   0
623   0
624   -6.103516E-04
625   0
626   6.103516E-04
627   6.103516E-04
628   6.103516E-04
629   1.220703E-03
630   1.220703E-03
631   1.220703E-03
632   6.103516E-04
633   1.220703E-03
634   6.103516E-04
635   0
636   0
637   -6.103516E-04
638   0
639   -6.103516E-04
640   0
641   -6.103516E-04
642   0
643   0
644   6.103516E-04
645   6.103516E-04
646   6.103516E-04
647   1.220703E-03
648   1.220703E-03
649   6.103516E-04
650   6.103516E-04
651   6.103516E-04
652   0
653   0
654   0
655   -6.103516E-04
656   0
657   -6.103516E-04
658   0
659   0
660   6.103516E-04
661   6.103516E-04
662   1.220703E-03
663   1.220703E-03
664   1.220703E-03
665   1.220703E-03
666   1.220703E-03
667   1.220703E-03
668   0
669   0
670   0
671   0
672   0
673   -6.103516E-04
674   0
675   0
676   0
677   6.103516E-04
678   0
679   1.220703E-03
680   1.220703E-03
681   1.220703E-03
682   0
683   1.220703E-03
684   6.103516E-04
685   0
686   0
687   0
688   -6.103516E-04
689   -6.103516E-04
690   0
691   0
692   0
693   0
694   6.103516E-04
695   6.103516E-04
696   1.220703E-03
697   1.220703E-03
698   1.220703E-03
699   1.220703E-03
700   6.103516E-04
701   0
702   6.103516E-04
703   0
704   0
705   0
706   -6.103516E-04
707   0
708   -6.103516E-04
709   0
710   0
711   6.103516E-04
712   1.220703E-03
713   1.220703E-03
714   1.220703E-03
715   0
716   6.103516E-04
717   6.103516E-04
718   0
719   0
720   0
721   -6.103516E-04
722   0
723   -6.103516E-04
724   0
725   0
726   0
727   6.103516E-04
728   6.103516E-04
729   6.103516E-04
730   1.220703E-03
731   1.220703E-03
732   6.103516E-04
733   1.220703E-03
734   6.103516E-04
735   0
736   0
737   0
738   -6.103516E-04
739   0
740   0
741   0
742   0
743   0
744   6.103516E-04
745   6.103516E-04
746   1.220703E-03
747   6.103516E-04
748   1.220703E-03
749   6.103516E-04
750   1.220703E-03
751   0
752   6.103516E-04
753   0
754   0
755   0
756   -6.103516E-04
757   0
758   0
759   0
760   0
761   6.103516E-04
762   1.220703E-03
763   6.103516E-04
764   1.220703E-03
765   6.103516E-04
766   1.220703E-03
767   6.103516E-04
768   6.103516E-04
769   0
770   0
771   0
772   0
773   -6.103516E-04
774   0
775   0
776   0
777   6.103516E-04
778   6.103516E-04
779   6.103516E-04
780   1.220703E-03
781   1.220703E-03
782   6.103516E-04
783   1.220703E-03
784   0
785   6.103516E-04
786   0
787   0
788   -6.103516E-04
789   0
790   0
791   -6.103516E-04
792   0
793   0
794   6.103516E-04
795   1.220703E-03
796   1.220703E-03
797   1.220703E-03
798   1.220703E-03
799   6.103516E-04
800   1.220703E-03
801   6.103516E-04
802   0
803   0
804   0
805   0
806   -6.103516E-04
807   0
808   -6.103516E-04
809   0
810   6.103516E-04
811   6.103516E-04
812   1.220703E-03
813   6.103516E-04
814   1.220703E-03
815   6.103516E-04
816   6.103516E-04
817   6.103516E-04
818   0
819   6.103516E-04
820   0
821   0
822   -6.103516E-04
823   -6.103516E-04
824   0
825   0
826   0
827   0
828   6.103516E-04
829   6.103516E-04
830   6.103516E-04
831   1.220703E-03
832   1.220703E-03
833   6.103516E-04
834   6.103516E-04
835   0
836   0
837   0
838   -6.103516E-04
839   0
840   0
841   -6.103516E-04
842   0
843   0
844   6.103516E-04
845   6.103516E-04
846   1.220703E-03
847   1.220703E-03
848   1.220703E-03
849   6.103516E-04
850   1.220703E-03
851   0
852   0
853   0
854   0
855   -6.103516E-04
856   0
857   -6.103516E-04
858   0
859   0
860   6.103516E-04
861   6.103516E-04
862   6.103516E-04
863   1.220703E-03
864   6.103516E-04
865   1.220703E-03
866   6.103516E-04
867   6.103516E-04
868   6.103516E-04
869   0
870   0
871   -6.103516E-04
872   0
873   -6.103516E-04
874   0
875   0
876   0
877   6.103516E-04
878   6.103516E-04
879   1.220703E-03
880   1.220703E-03
881   1.220703E-03
882   1.220703E-03
883   6.103516E-04
884   0
885   0
886   0
887   -6.103516E-04
888   0
889   0
890   0
891   0
892   0
893   6.103516E-04
894   0
895   1.220703E-03
896   1.220703E-03
897   1.220703E-03
898   6.103516E-04
899   1.220703E-03
900   6.103516E-04
901   6.103516E-04
902   0
903   0
904   0
905   0
906   0
907   -6.103516E-04
908   0
909   0
910   6.103516E-04
911   6.103516E-04
912   1.220703E-03
913   1.220703E-03
914   1.220703E-03
915   1.220703E-03
916   6.103516E-04
917   6.103516E-04
918   6.103516E-04
919   0
920   0
921   0
922   -6.103516E-04
923   0
924   -6.103516E-04
925   -6.103516E-04
926   0
927   6.103516E-04
928   6.103516E-04
929   1.220703E-03
930   6.103516E-04
931   1.220703E-03
932   1.220703E-03
933   1.220703E-03
934   6.103516E-04
935   0
936   0
937   0
938   0
939   0
940   -6.103516E-04
941   0
942   0
943   6.103516E-04
944   6.103516E-04
945   6.103516E-04
946   1.220703E-03
947   1.220703E-03
948   1.220703E-03
949   1.220703E-03
950   6.103516E-04
951   6.103516E-04
952   6.103516E-04
953   0
954   0
955   -6.103516E-04
956   0
957   -6.103516E-04
958   0
959   0
960   6.103516E-04
961   6.103516E-04
962   1.220703E-03
963   1.220703E-03
964   6.103516E-04
965   1.220703E-03
966   6.103516E-04
967   6.103516E-04
968   6.103516E-04
969   0
970   0
971   -6.103516E-04
972   0
973   -6.103516E-04
974   0
975   0
976   6.103516E-04
977   6.103516E-04
978   6.103516E-04
979   6.103516E-04
980   1.220703E-03
981   6.103516E-04
982   1.220703E-03
983   6.103516E-04
984   6.103516E-04
985   0
986   0
987   0
988   -6.103516E-04
989   0
990   -6.103516E-04
991   0
992   0
993   6.103516E-04
994   6.103516E-04
995   1.220703E-03
996   1.220703E-03
997   1.220703E-03
998   1.220703E-03
999   1.220703E-03
1000   6.103516E-04
1001   6.103516E-04
1002   0
1003   0
1004   0
1005   -6.103516E-04
1006   -6.103516E-04
1007   -6.103516E-04
1008   0
1009   0
1010   6.103516E-04
1011   1.220703E-03
1012   6.103516E-04
1013   1.220703E-03
1014   1.220703E-03
1015   6.103516E-04
1016   6.103516E-04
1017   0
1018   6.103516E-04
1019   0
1020   0
1021   -6.103516E-04
1022   0
1023   -6.103516E-04
1024   -6.103516E-04
1025   0
1026   0
1027   6.103516E-04
1028   6.103516E-04
1029   6.103516E-04
1030   1.220703E-03
1031   1.220703E-03
1032   1.220703E-03
1033   6.103516E-04
1034   6.103516E-04
1035   0
1036   0
1037   0
1038   -6.103516E-04
1039   -6.103516E-04
1040   0
1041   0
1042   0
1043   6.103516E-04
1044   1.220703E-03
1045   6.103516E-04
1046   1.220703E-03
1047   6.103516E-04
1048   1.220703E-03
1049   1.220703E-03
1050   1.220703E-03
1051   6.103516E-04
1052   0
1053   0
1054   0
1055   0
1056   0
1057   -6.103516E-04
1058   0
1059   0
1060   6.103516E-04
1061   6.103516E-04
1062   1.220703E-03
1063   6.103516E-04
1064   1.220703E-03
1065   1.220703E-03
1066   1.220703E-03
1067   6.103516E-04
1068   6.103516E-04
1069   0
1070   0
1071   -6.103516E-04
1072   -6.103516E-04
1073   -6.103516E-04
1074   0
1075   0
1076   6.103516E-04
1077   0
1078   6.103516E-04
1079   6.103516E-04
1080   1.220703E-03
1081   6.103516E-04
1082   1.220703E-03
1083   6.103516E-04
1084   6.103516E-04
1085   0
1086   0
1087   0
1088   -6.103516E-04
1089   -6.103516E-04
1090   0
1091   -6.103516E-04
1092   0
1093   0
1094   6.103516E-04
1095   6.103516E-04
1096   1.220703E-03
1097   1.220703E-03
1098   1.220703E-03
1099   6.103516E-04
1100   6.103516E-04
1101   0
1102   0
1103   0
1104   0
1105   0
1106   -6.103516E-04
1107   0
1108   -6.103516E-04
1109   6.103516E-04
1110   0
1111   6.103516E-04
1112   6.103516E-04
1113   1.220703E-03
1114   1.220703E-03
1115   6.103516E-04
1116   6.103516E-04
1117   0
1118   6.103516E-04
1119   0
1120   -6.103516E-04
1121   0
1122   -6.103516E-04
1123   0
1124   -6.103516E-04
1125   0
1126   0
1127   6.103516E-04
1128   6.103516E-04
1129   6.103516E-04
1130   1.220703E-03
1131   1.220703E-03
1132   6.103516E-04
1133   1.220703E-03
1134   0
1135   6.103516E-04
1136   0
1137   0
1138   0
1139   -6.103516E-04
1140   0
1141   -6.103516E-04
1142   0
1143   6.103516E-04
1144   6.103516E-04
1145   6.103516E-04
1146   1.220703E-03
1147   6.103516E-04
1148   1.220703E-03
1149   6.103516E-04
1150   6.103516E-04
1151   0
1152   0
1153   -6.103516E-04
1154   0
1155   -6.103516E-04
1156   0
1157   -6.103516E-04
1158   0
1159   0
1160   6.103516E-04
1161   6.103516E-04
1162   1.220703E-03
1163   6.103516E-04
1164   1.220703E-03
1165   1.220703E-03
1166   6.103516E-04
1167   6.103516E-04
1168   0
1169   6.103516E-04
1170   0
1171   0
1172   -6.103516E-04
1173   0
1174   -6.103516E-04
1175   0
1176   0
1177   6.103516E-04
1178   6.103516E-04
1179   1.220703E-03
1180   1.220703E-03
1181   1.220703E-03
1182   1.220703E-03
1183   6.103516E-04
1184   6.103516E-04
1185   0
1186   6.103516E-04
1187   0
1188   -6.103516E-04
1189   -6.103516E-04
1190   -6.103516E-04
1191   0
1192   0
1193   6.103516E-04
1194   6.103516E-04
1195   6.103516E-04
1196   6.103516E-04
1197   1.220703E-03
1198   6.103516E-04
1199   1.220703E-03
1200   6.103516E-04
1201   0
1202   0
1203   0
1204   -6.103516E-04
1205   0
1206   -6.103516E-04
1207   0
1208   0
1209   0
1210   6.103516E-04
1211   6.103516E-04
1212   1.220703E-03
1213   6.103516E-04
1214   1.220703E-03
1215   6.103516E-04
1216   6.103516E-04
1217   6.103516E-04
1218   0
1219   0
1220   -6.103516E-04
1221   0
1222   -6.103516E-04
1223   0
1224   0
1225   0
1226   6.103516E-04
1227   6.103516E-04
1228   6.103516E-04
1229   6.103516E-04
1230   1.220703E-03
1231   1.220703E-03
1232   1.220703E-03
1233   1.220703E-03
1234   0
1235   0
1236   0
1237   0
1238   0
1239   -6.103516E-04
1240   0
1241   0
1242   0
1243   6.103516E-04
1244   6.103516E-04
1245   6.103516E-04
1246   1.220703E-03
1247   6.103516E-04
1248   1.220703E-03
1249   1.220703E-03
1250   6.103516E-04
1251   6.103516E-04
1252   0
1253   0
1254   -6.103516E-04
1255   -6.103516E-04
1256   -6.103516E-04
1257   -6.103516E-04
1258   0
1259   0
1260   6.103516E-04
1261   0
1262   1.220703E-03
1263   1.220703E-03
1264   1.220703E-03
1265   1.220703E-03
1266   1.220703E-03
1267   6.103516E-04
1268   0
1269   6.103516E-04
1270   0
1271   -6.103516E-04
1272   -6.103516E-04
1273   0
1274   -6.103516E-04
1275   0
1276   6.103516E-04
1277   6.103516E-04
1278   6.103516E-04
1279   1.220703E-03
1280   6.103516E-04
1281   1.220703E-03
1282   6.103516E-04
1283   1.220703E-03
1284   6.103516E-04
1285   0
1286   0
1287   0
1288   0
1289   -6.103516E-04
1290   0
1291   -6.103516E-04
1292   0
1293   6.103516E-04
1294   6.103516E-04
1295   6.103516E-04
1296   6.103516E-04
1297   1.220703E-03
1298   6.103516E-04
1299   6.103516E-04
1300   0
1301   0
1302   0
1303   0
1304   0
1305   -6.103516E-04
1306   -6.103516E-04
1307   0
1308   -6.103516E-04
1309   6.103516E-04
1310   6.103516E-04
1311   1.220703E-03
1312   6.103516E-04
1313   6.103516E-04
1314   1.220703E-03
1315   6.103516E-04
1316   1.220703E-03
1317   6.103516E-04
1318   0
1319   0
1320   -6.103516E-04
1321   0
1322   -6.103516E-04
1323   0
1324   -6.103516E-04
1325   0
1326   0
1327   6.103516E-04
1328   6.103516E-04
1329   6.103516E-04
1330   1.220703E-03
1331   1.220703E-03
1332   1.220703E-03
1333   6.103516E-04
1334   0
1335   0
1336   0
1337   0
1338   -6.103516E-04
1339   0
1340   -6.103516E-04
1341   0
1342   0
1343   0
1344   6.103516E-04
1345   6.103516E-04
1346   1.220703E-03
1347   6.103516E-04
1348   1.220703E-03
1349   6.103516E-04
1350   6.103516E-04
1351   6.103516E-04
1352   0
1353   0
1354   -6.103516E-04
1355   -6.103516E-04
1356   -6.103516E-04
1357   0
1358   0
1359   0
1360   0
1361   6.103516E-04
1362   6.103516E-04
1363   1.220703E-03
1364   6.103516E-04
1365   6.103516E-04
1366   1.220703E-03
1367   0
1368   6.103516E-04
1369   6.103516E-04
1370   0
1371   0
1372   -6.103516E-04
1373   0
1374   0
1375   0
1376   6.103516E-04
1377   6.103516E-04
1378   1.220703E-03
1379   6.103516E-04
1380   6.103516E-04
1381   1.220703E-03
1382   1.220703E-03
1383   1.220703E-03
1384   6.103516E-04
1385   0
1386   0
1387   -6.103516E-04
1388   0
1389   -6.103516E-04
1390   0
1391   0
1392   0
1393   6.103516E-04
1394   0
1395   6.103516E-04
1396   1.220703E-03
1397   1.220703E-03
1398   1.220703E-03
1399   6.103516E-04
1400   6.103516E-04
1401   0
1402   6.103516E-04
1403   0
1404   0
1405   -6.103516E-04
1406   -6.103516E-04
1407   0
1408   -6.103516E-04
1409   0
1410   6.103516E-04
1411   6.103516E-04
1412   1.220703E-03
1413   6.103516E-04
1414   1.220703E-03
1415   6.103516E-04
1416   1.220703E-03
1417   6.103516E-04
1418   0
1419   0
1420   0
1421   -6.103516E-04
1422   0
1423   -6.103516E-04
1424   0
1425   0
1426   6.103516E-04
1427   0
1428   6.103516E-04
1429   6.103516E-04
1430   1.220703E-03
1431   6.103516E-04
1432   0
1433   6.103516E-04
1434   0
1435   0
1436   0
1437   -6.103516E-04
1438   -6.103516E-04
1439   -6.103516E-04
1440   0
1441   0
1442   0
1443   6.103516E-04
1444   6.103516E-04
1445   1.220703E-03
1446   6.103516E-04
1447   6.103516E-04
1448   1.220703E-03
1449   6.103516E-04
1450   1.220703E-03
1451   0
1452   0
1453   -6.103516E-04
1454   0
1455   -6.103516E-04
1456   0
1457   -6.103516E-04
1458   0
1459   6.103516E-04
1460   0
1461   1.220703E-03
1462   6.103516E-04
1463   6.103516E-04
1464   1.220703E-03
1465   1.220703E-03
1466   1.220703E-03
1467   0
1468   6.103516E-04
1469   0
1470   0
1471   -6.103516E-04
1472   0
1473   0
1474   -6.103516E-04
1475   0
1476   0
1477   0
1478   1.220703E-03
1479   6.103516E-04
1480   1.220703E-03
1481   6.103516E-04
1482   1.220703E-03
1483   6.103516E-04
1484   1.220703E-03
1485   0
1486   0
1487   0
1488   -6.103516E-04
1489   0
1490   -6.103516E-04
1491   0
1492   0
1493   0
1494   6.103516E-04
1495   6.103516E-04
1496   1.220703E-03
1497   6.103516E-04
1498   1.220703E-03
1499   1.220703E-03
1500   6.103516E-04
1501   6.103516E-04
1502   0
1503   0
1504   -6.103516E-04
1505   0
1506   0
1507   0
1508   0
1509   0
1510   0
1511   6.103516E-04
1512   6.103516E-04
1513   1.220703E-03
1514   1.220703E-03
1515   1.220703E-03
1516   6.103516E-04
1517   0
1518   6.103516E-04
1519   0
1520   0
1521   -6.103516E-04
1522   0
1523   0
1524   0
1525   0
1526   0
1527   6.103516E-04
1528   6.103516E-04
1529   6.103516E-04
1530   1.220703E-03
1531   6.103516E-04
1532   1.220703E-03
1533   6.103516E-04
1534   6.103516E-04
1535   0
1536   0
1537   0
1538   -6.103516E-04
1539   0
1540   -6.103516E-04
1541   -6.103516E-04
1542   0
1543   0
1544   6.103516E-04
1545   6.103516E-04
1546   1.220703E-03
1547   6.103516E-04
1548   1.220703E-03
1549   1.220703E-03
1550   6.103516E-04
1551   0
1552   0
1553   0
1554   0
1555   0
1556   0
1557   0
1558   0
1559   0
1560   6.103516E-04
1561   6.103516E-04
1562   1.220703E-03
1563   6.103516E-04
1564   1.220703E-03
1565   1.220703E-03
1566   6.103516E-04
1567   6.103516E-04
1568   0
1569   0
1570   -6.103516E-04
1571   0
1572   -6.103516E-04
1573   0
1574   0
1575   0
1576   0
1577   0
1578   1.220703E-03
1579   6.103516E-04
1580   1.220703E-03
1581   1.220703E-03
1582   1.220703E-03
1583   6.103516E-04
1584   6.103516E-04
1585   0
1586   0
1587   0
1588   -6.103516E-04
1589   0
1590   0
1591   0
1592   0
1593   0
1594   6.103516E-04
1595   6.103516E-04
1596   1.220703E-03
1597   1.220703E-03
1598   1.220703E-03
1599   6.103516E-04
1600   6.103516E-04
1601   0
1602   6.103516E-04
1603   0
1604   0
1605   -6.103516E-04
1606   0
1607   0
1608   0
1609   6.103516E-04
1610   6.103516E-04
1611   6.103516E-04
1612   6.103516E-04
1613   1.220703E-03
1614   1.220703E-03
1615   6.103516E-04
1616   1.220703E-03
1617   6.103516E-04
1618   0
1619   0
1620   -6.103516E-04
1621   -6.103516E-04
1622   0
1623   0
1624   0
1625   0
1626   0
1627   6.103516E-04
1628   1.220703E-03
1629   1.220703E-03
1630   6.103516E-04
1631   1.220703E-03
1632   1.220703E-03
1633   6.103516E-04
1634   0
1635   6.103516E-04
1636   -6.103516E-04
1637   0
1638   -6.103516E-04
1639   0
1640   0
1641   0
1642   0
1643   0
1644   6.103516E-04
1645   6.103516E-04
1646   6.103516E-04
1647   1.220703E-03
1648   1.220703E-03
1649   1.220703E-03
1650   6.103516E-04
1651   6.103516E-04
1652   0
1653   0
1654   0
1655   -6.103516E-04
1656   0
1657   0
1658   0
1659   0
1660   6.103516E-04
1661   6.103516E-04
1662   1.220703E-03
1663   6.103516E-04
1664   6.103516E-04
1665   1.220703E-03
1666   1.220703E-03
1667   6.103516E-04
1668   0
1669   0
1670   0
1671   0
1672   -6.103516E-04
1673   0
1674   -6.103516E-04
1675   0
1676   6.103516E-04
1677   0
1678   6.103516E-04
1679   1.220703E-03
1680   1.220703E-03
1681   1.220703E-03
1682   1.220703E-03
1683   6.103516E-04
1684   6.103516E-04
1685   0
1686   0
1687   0
1688   -6.103516E-04
1689   0
1690   0
1691   -6.103516E-04
1692   6.103516E-04
1693   0
1694   6.103516E-04
1695   6.103516E-04
1696   6.103516E-04
1697   6.103516E-04
1698   6.103516E-04
1699   1.220703E-03
1700   6.103516E-04
1701   0
1702   0
1703   0
1704   0
1705   0
1706   -6.103516E-04
1707   0
1708   0
1709   0
1710   0
1711   1.220703E-03
1712   6.103516E-04
1713   6.103516E-04
1714   6.103516E-04
1715   6.103516E-04
1716   1.220703E-03
1717   6.103516E-04
1718   0
1719   0
1720   0
1721   -6.103516E-04
1722   0
1723   -6.103516E-04
1724   0
1725   0
1726   6.103516E-04
1727   0
1728   1.220703E-03
1729   1.220703E-03
1730   6.103516E-04
1731   1.220703E-03
1732   6.103516E-04
1733   6.103516E-04
1734   0
1735   0
1736   0
1737   0
1738   0
1739   -6.103516E-04
1740   0
1741   0
1742   0
1743   6.103516E-04
1744   6.103516E-04
1745   6.103516E-04
1746   1.220703E-03
1747   6.103516E-04
1748   1.220703E-03
1749   6.103516E-04
1750   6.103516E-04
1751   0
1752   0
1753   0
1754   0
1755   0
1756   -6.103516E-04
1757   0
1758   0
1759   0
1760   6.103516E-04
1761   1.220703E-03
1762   1.220703E-03
1763   1.220703E-03
1764   6.103516E-04
1765   1.220703E-03
1766   6.103516E-04
1767   6.103516E-04
1768   0
1769   0
1770   0
1771   0
1772   -6.103516E-04
1773   0
1774   -6.103516E-04
1775   0
1776   6.103516E-04
1777   6.103516E-04
1778   6.103516E-04
1779   1.220703E-03
1780   6.103516E-04
1781   1.220703E-03
1782   1.220703E-03
1783   6.103516E-04
1784   6.103516E-04
1785   0
1786   0
1787   0
1788   -6.103516E-04
1789   0
1790   0
1791   -6.103516E-04
1792   6.103516E-04
1793   6.103516E-04
1794   0
1795   6.103516E-04
1796   1.220703E-03
1797   1.220703E-03
1798   6.103516E-04
1799   1.220703E-03
1800   6.103516E-04
1801   0
1802   0
1803   -6.103516E-04
1804   0
1805   0
1806   -6.103516E-04
1807   0
1808   0
1809   0
1810   0
1811   1.220703E-03
1812   6.103516E-04
1813   6.103516E-04
1814   1.220703E-03
1815   6.103516E-04
1816   6.103516E-04
1817   6.103516E-04
1818   0
1819   0
1820   6.103516E-04
1821   0
1822   -6.103516E-04
1823   0
1824   -6.103516E-04
1825   0
1826   0
1827   0
1828   1.220703E-03
1829   1.220703E-03
1830   6.103516E-04
1831   1.220703E-03
1832   6.103516E-04
1833   6.103516E-04
1834   6.103516E-04
1835   0
1836   -6.103516E-04
1837   0
1838   0
1839   -6.103516E-04
1840   0
1841   0
1842   0
1843   6.103516E-04
1844   6.103516E-04
1845   6.103516E-04
1846   1.220703E-03
1847   1.220703E-03
1848   6.103516E-04
1849   6.103516E-04
1850   6.103516E-04
1851   0
1852   0
1853   0
1854   -6.103516E-04
1855   0
1856   -6.103516E-04
1857   0
1858   0
1859   0
1860   6.103516E-04
1861   6.103516E-04
1862   1.220703E-03
1863   6.103516E-04
1864   1.220703E-03
1865   1.220703E-03
1866   1.220703E-03
1867   6.103516E-04
1868   0
1869   0
1870   0
1871   -6.103516E-04
1872   0
1873   0
1874   -6.103516E-04
1875   0
1876   6.103516E-04
1877   6.103516E-04
1878   6.103516E-04
1879   1.220703E-03
1880   1.220703E-03
1881   1.220703E-03
1882   1.220703E-03
1883   6.103516E-04
1884   0
1885   0
1886   0
1887   -6.103516E-04
1888   -6.103516E-04
1889   -6.103516E-04
1890   0
1891   -6.103516E-04
1892   6.103516E-04
1893   0
1894   6.103516E-04
1895   1.220703E-03
1896   1.220703E-03
1897   6.103516E-04
1898   1.220703E-03
1899   6.103516E-04
1900   0
1901   0
1902   0
1903   0
1904   0
1905   0
1906   -6.103516E-04
1907   0
1908   0
1909   0
1910   6.103516E-04
1911   6.103516E-04
1912   6.103516E-04
1913   1.220703E-03
1914   1.220703E-03
1915   6.103516E-04
1916   6.103516E-04
1917   6.103516E-04
1918   0
1919   0
1920   0
1921   -6.103516E-04
1922   -6.103516E-04
1923   0
1924   0
1925   0
1926   6.103516E-04
1927   6.103516E-04
1928   6.103516E-04
1929   6.103516E-04
1930   1.220703E-03
1931   1.220703E-03
1932   6.103516E-04
1933   6.103516E-04
1934   6.103516E-04
1935   0
1936   0
1937   -6.103516E-04
1938   0
1939   0
1940   -6.103516E-04
1941   0
1942   0
1943   6.103516E-04
1944   6.103516E-04
1945   1.220703E-03
1946   1.220703E-03
1947   6.103516E-04
1948   1.220703E-03
1949   6.103516E-04
1950   0
1951   0
1952   0
1953   -6.103516E-04
1954   0
1955   -6.103516E-04
1956   0
1957   -6.103516E-04
1958   0
1959   0
1960   6.103516E-04
1961   6.103516E-04
1962   6.103516E-04
1963   1.220703E-03
1964   6.103516E-04
1965   1.220703E-03
1966   1.220703E-03
1967   0
1968   6.103516E-04
1969   0
1970   -6.103516E-04
1971   0
1972   -6.103516E-04
1973   -6.103516E-04
1974   0
1975   0
1976   6.103516E-04
1977   6.103516E-04
1978   6.103516E-04
1979   1.220703E-03
1980   1.220703E-03
1981   6.103516E-04
1982   1.220703E-03
1983   6.103516E-04
1984   6.103516E-04
1985   6.103516E-04
1986   0
1987   0
1988   0
1989   0
1990   -6.103516E-04
1991   -6.103516E-04
1992   6.103516E-04
1993   6.103516E-04
1994   6.103516E-04
1995   6.103516E-04
1996   6.103516E-04
1997   1.220703E-03
1998   6.103516E-04
1999   1.220703E-03
2000   6.103516E-04
2001   6.103516E-04
2002   0
2003   -6.103516E-04
2004   -6.103516E-04
2005   -6.103516E-04
2006   0
2007   -6.103516E-04
2008   0
2009   6.103516E-04
2010   0
2011   6.103516E-04
2012   1.220703E-03
2013   1.220703E-03
2014   1.220703E-03
2015   1.220703E-03
2016   6.103516E-04
2017   0
2018   6.103516E-04
2019   0
2020   -6.103516E-04
2021   0
2022   -6.103516E-04
2023   -6.103516E-04
2024   0
2025   0
2026   6.103516E-04
2027   0
2028   1.220703E-03
2029   1.220703E-03
2030   1.220703E-03
2031   1.220703E-03
2032   6.103516E-04
2033   6.103516E-04
2034   6.103516E-04
2035   0
2036   0
2037   0
2038   0
2039   -6.103516E-04
2040   -6.103516E-04
2041   -6.103516E-04
2042   6.103516E-04
2043   6.103516E-04
2044   6.103516E-04
2045   1.220703E-03
2046   1.220703E-03
2047   1.220703E-03
2048   1.220703E-03
2049   1.220703E-03
2050   6.103516E-04
2051   6.103516E-04
2052   0
2053   0
2054   0
2055   -6.103516E-04
2056   0
2057   -6.103516E-04
2058   0
2059   0
2060   0
2061   6.103516E-04
2062   1.220703E-03
2063   1.220703E-03
2064   6.103516E-04
2065   6.103516E-04
2066   6.103516E-04
2067   0
2068   0
2069   0
2070   0
2071   -6.103516E-04
2072   0
2073   0
2074   0
2075   0
2076   6.103516E-04
2077   6.103516E-04
2078   6.103516E-04
2079   6.103516E-04
2080   1.220703E-03
2081   6.103516E-04
2082   1.220703E-03
2083   6.103516E-04
2084   0
2085   0
2086   0
2087   -6.103516E-04
2088   0
2089   -6.103516E-04
2090   0
2091   0
2092   0
2093   6.103516E-04
2094   6.103516E-04
2095   1.220703E-03
2096   6.103516E-04
2097   1.220703E-03
2098   6.103516E-04
2099   1.220703E-03
2100   6.103516E-04
2101   0
2102   0
2103   0
2104   -6.103516E-04
2105   -6.103516E-04
2106   0
2107   -6.103516E-04
2108   0
2109   0
2110   6.103516E-04
2111   6.103516E-04
2112   6.103516E-04
2113   1.220703E-03
2114   6.103516E-04
2115   1.220703E-03
2116   6.103516E-04
2117   6.103516E-04
2118   0
2119   0
2120   -6.103516E-04
2121   0
2122   -6.103516E-04
2123   0
2124   0
2125   0
2126   6.103516E-04
2127   6.103516E-04
2128   1.220703E-03
2129   6.103516E-04
2130   6.103516E-04
2131   1.220703E-03
2132   6.103516E-04
2133   1.220703E-03
2134   6.103516E-04
2135   0
2136   0
2137   -6.103516E-04
2138   0
2139   -6.103516E-04
2140   0
2141   0
2142   0
2143   6.103516E-04
2144   6.103516E-04
2145   1.220703E-03
2146   1.220703E-03
2147   1.220703E-03
2148   6.103516E-04
2149   6.103516E-04
2150   6.103516E-04
2151   0
2152   0
2153   0
2154   -6.103516E-04
2155   0
2156   -6.103516E-04
2157   0
2158   0
2159   6.103516E-04
2160   0
2161   1.220703E-03
2162   6.103516E-04
2163   1.220703E-03
2164   1.220703E-03
2165   1.220703E-03
2166   1.220703E-03
2167   0
2168   0
2169   0
2170   -6.103516E-04
2171   0
2172   -6.103516E-04
2173   -6.103516E-04
2174   0
2175   0
2176   6.103516E-04
2177   6.103516E-04
2178   1.220703E-03
2179   1.220703E-03
2180   6.103516E-04
2181   1.220703E-03
2182   6.103516E-04
2183   6.103516E-04
2184   6.103516E-04
2185   0
2186   0
2187   -6.103516E-04
2188   -6.103516E-04
2189   0
2190   0
2191   0
2192   0
2193   6.103516E-04
2194   6.103516E-04
2195   6.103516E-04
2196   1.220703E-03
2197   6.103516E-04
2198   1.220703E-03
2199   6.103516E-04
2200   6.103516E-04
2201   0
2202   0
2203   0
2204   -6.103516E-04
2205   0
2206   -6.103516E-04
2207   0
2208   0
2209   6.103516E-04
2210   6.103516E-04
2211   6.103516E-04
2212   1.220703E-03
2213   6.103516E-04
2214   1.220703E-03
2215   6.103516E-04
2216   1.220703E-03
2217   6.103516E-04
2218   0
2219   0
2220   0
2221   -6.103516E-04
2222   0
2223   -6.103516E-04
2224   -6.103516E-04
2225   0
2226   0
2227   6.103516E-04
2228   1.220703E-03
2229   1.220703E-03
2230   1.220703E-03
2231   6.103516E-04
2232   1.220703E-03
2233   0
2234   0
2235   0
2236   0
2237   0
2238   -6.103516E-04
2239   0
2240   -6.103516E-04
2241   0
2242   0
2243   6.103516E-04
2244   6.103516E-04
2245   1.220703E-03
2246   1.220703E-03
2247   1.220703E-03
2248   1.220703E-03
2249   1.220703E-03
2250   6.103516E-04
2251   0
2252   6.103516E-04
2253   0
2254   -6.103516E-04
2255   0
2256   -6.103516E-04
2257   0
2258   0
2259   6.103516E-04
2260   6.103516E-04
2261   6.103516E-04
2262   1.220703E-03
2263   6.103516E-04
2264   6.103516E-04
2265   1.220703E-03
2266   1.220703E-03
2267   0
2268   0
2269   0
2270   -6.103516E-04
2271   0
2272   -6.103516E-04
2273   0
2274   0
2275   0
2276   0
2277   6.103516E-04
2278   1.220703E-03
2279   6.103516E-04
2280   1.220703E-03
2281   6.103516E-04
2282   1.220703E-03
2283   6.103516E-04
2284   6.103516E-04
2285   0
2286   0
2287   0
2288   0
2289   0
2290   -6.103516E-04
2291   0
2292   0
2293   0
2294   6.103516E-04
2295   6.103516E-04
2296   1.220703E-03
2297   1.220703E-03
2298   1.220703E-03
2299   6.103516E-04
2300   6.103516E-04
2301   0
2302   0
2303   0
2304   -6.103516E-04
2305   0
2306   -6.103516E-04
2307   0
2308   0
2309   6.103516E-04
2310   0
2311   6.103516E-04
2312   6.103516E-04
2313   1.220703E-03
2314   6.103516E-04
2315   1.220703E-03
2316   1.220703E-03
2317   6.103516E-04
2318   6.103516E-04
2319   0
2320   0
2321   -6.103516E-04
2322   -6.103516E-04
2323   0
2324   0
2325   0
2326   6.103516E-04
2327   6.103516E-04
2328   6.103516E-04
2329   6.103516E-04
2330   1.220703E-03
2331   6.103516E-04
2332   1.220703E-03
2333   6.103516E-04
2334   6.103516E-04
2335   0
2336   0
2337   0
2338   -6.103516E-04
2339   0
2340   0
2341   0
2342   6.103516E-04
2343   0
2344   6.103516E-04
2345   6.103516E-04
2346   6.103516E-04
2347   1.220703E-03
2348   1.220703E-03
2349   1.220703E-03
2350   0
2351   0
2352   0
2353   0
2354   -6.103516E-04
2355   -6.103516E-04
2356   0
2357   -6.103516E-04
2358   0
2359   0
2360   0
2361   6.103516E-04
2362   1.220703E-03
2363   1.220703E-03
2364   6.103516E-04
2365   1.220703E-03
2366   6.103516E-04
2367   0
2368   0
2369   0
2370   -6.103516E-04
2371   0
2372   -6.103516E-04
2373   0
2374   -6.103516E-04
2375   0
2376   6.103516E-04
2377   0
2378   1.220703E-03
2379   6.103516E-04
2380   1.220703E-03
2381   6.103516E-04
2382   6.103516E-04
2383   6.103516E-04
2384   0
2385   0
2386   0
2387   0
2388   0
2389   0
2390   -6.103516E-04
2391   0
2392   0
2393   6.103516E-04
2394   6.103516E-04
2395   6.103516E-04
2396   1.220703E-03
2397   6.103516E-04
2398   6.103516E-04
2399   1.220703E-03
2400   0
2401   6.103516E-04
2402   0
2403   0
2404   0
2405   -6.103516E-04
2406   0
2407   0
2408   0
2409   0
2410   0
2411   1.220703E-03
2412   6.103516E-04
2413   6.103516E-04
2414   1.220703E-03
2415   6.103516E-04
2416   1.220703E-03
2417   0
2418   0
2419   0
2420   0
2421   0
2422   -6.103516E-04
2423   0
2424   -6.103516E-04
2425   0
2426   6.103516E-04
2427   6.103516E-04
2428   1.220703E-03
2429   6.103516E-04
2430   1.220703E-03
2431   6.103516E-04
2432   1.220703E-03
2433   6.103516E-04
2434   0
2435   6.103516E-04
2436   0
2437   -6.103516E-04
2438   0
2439   -6.103516E-04
2440   0
2441   0
2442   0
2443   0
2444   1.220703E-03
2445   6.103516E-04
2446   1.220703E-03
2447   6.103516E-04
2448   1.220703E-03
2449   1.220703E-03
2450   0
2451   6.103516E-04
2452   0
2453   0
2454   -6.103516E-04
2455   0
2456   0
2457   -6.103516E-04
2458   0
2459   6.103516E-04
2460   6.103516E-04
2461   6.103516E-04
2462   6.103516E-04
2463   1.220703E-03
2464   1.220703E-03
2465   1.220703E-03
2466   6.103516E-04
2467   0
2468   0
2469   0
2470   -6.103516E-04
2471   0
2472   -6.103516E-04
2473   0
2474   0
2475   0
2476   6.103516E-04
2477   6.103516E-04
2478   6.103516E-04
2479   1.220703E-03
2480   1.220703E-03
2481   6.103516E-04
2482   6.103516E-04
2483   6.103516E-04
2484   0
2485   0
2486   0
2487   0
2488   0
2489   -6.103516E-04
2490   0
2491   -6.103516E-04
2492   0
2493   6.103516E-04
2494   6.103516E-04
2495   1.220703E-03
2496   6.103516E-04
2497   1.220703E-03
2498   6.103516E-04
2499   1.220703E-03
2500   0
2501   0
2502   0
2503   0
2504   0
2505   0
2506   -6.103516E-04
2507   0
2508   0
2509   6.103516E-04
2510   6.103516E-04
2511   6.103516E-04
2512   1.220703E-03
2513   6.103516E-04
2514   1.220703E-03
2515   1.220703E-03
2516   6.103516E-04
2517   6.103516E-04
2518   0
2519   0
2520   -6.103516E-04
2521   0
2522   -6.103516E-04
2523   -6.103516E-04
2524   0
2525   0
2526   6.103516E-04
2527   6.103516E-04
2528   6.103516E-04
2529   1.220703E-03
2530   6.103516E-04
2531   1.220703E-03
2532   6.103516E-04
2533   6.103516E-04
2534   0
2535   0
2536   0
2537   0
2538   0
2539   0
2540   0
2541   -6.103516E-04
2542   6.103516E-04
2543   0
2544   6.103516E-04
2545   1.220703E-03
2546   1.220703E-03
2547   1.220703E-03
2548   6.103516E-04
2549   1.220703E-03
2550   0
2551   0
2552   0
2553   0
2554   -6.103516E-04
2555   0
2556   0
2557   0
2558   0
2559   0
2560   6.103516E-04
2561   6.103516E-04
2562   6.103516E-04
2563   1.220703E-03
2564   6.103516E-04
2565   6.103516E-04
2566   1.220703E-03
2567   0
2568   0
2569   0
2570   0
2571   -6.103516E-04
2572   0
2573   -6.103516E-04
2574   0
2575   0
2576   6.103516E-04
2577   6.103516E-04
2578   6.103516E-04
2579   1.220703E-03
2580   6.103516E-04
2581   1.220703E-03
2582   1.220703E-03
2583   6.103516E-04
2584   0
2585   0
2586   -6.103516E-04
2587   0
2588   -6.103516E-04
2589   0
2590   -6.103516E-04
2591   0
2592   0
2593   6.103516E-04
2594   6.103516E-04
2595   6.103516E-04
2596   1.220703E-03
2597   6.103516E-04
2598   1.220703E-03
2599   6.103516E-04
2600   6.103516E-04
2601   0
2602   6.103516E-04
2603   -6.103516E-04
2604   0
2605   -6.103516E-04
2606   0
2607   0
2608   0
2609   6.103516E-04
2610   6.103516E-04
2611   1.220703E-03
2612   6.103516E-04
2613   6.103516E-04
2614   1.220703E-03
2615   6.103516E-04
2616   6.103516E-04
2617   0
2618   0
2619   0
2620   0
2621   -6.103516E-04
2622   -6.103516E-04
2623   -6.103516E-04
2624   -6.103516E-04
2625   6.103516E-04
2626   0
2627   6.103516E-04
2628   6.103516E-04
2629   1.220703E-03
2630   1.220703E-03
2631   6.103516E-04
2632   1.220703E-03
2633   6.103516E-04
2634   6.103516E-04
2635   6.103516E-04
2636   -6.103516E-04
2637   0
2638   -6.103516E-04
2639   0
2640   -6.103516E-04
2641   0
2642   0
2643   0
2644   6.103516E-04
2645   6.103516E-04
2646   1.220703E-03
2647   6.103516E-04
2648   6.103516E-04
2649   1.220703E-03
2650   0
2651   0
2652   0
2653   0
2654   0
2655   -6.103516E-04
2656   0
2657   0
2658   0
2659   6.103516E-04
2660   0
2661   1.220703E-03
2662   1.220703E-03
2663   1.220703E-03
2664   1.220703E-03
2665   6.103516E-04
2666   6.103516E-04
2667   0
2668   6.103516E-04
2669   0
2670   0
2671   -6.103516E-04
2672   -6.103516E-04
2673   0
2674   -6.103516E-04
2675   0
2676   6.103516E-04
2677   6.103516E-04
2678   6.103516E-04
2679   1.220703E-03
2680   1.220703E-03
2681   6.103516E-04
2682   1.220703E-03
2683   6.103516E-04
2684   0
2685   6.103516E-04
2686   0
2687   0
2688   0
2689   -6.103516E-04
2690   0
2691   0
2692   0
2693   6.103516E-04
2694   6.103516E-04
2695   1.220703E-03
2696   6.103516E-04
2697   1.220703E-03
2698   6.103516E-04
2699   1.220703E-03
2700   6.103516E-04
2701   0
2702   0
2703   0
2704   0
2705   0
2706   -6.103516E-04
2707   0
2708   0
2709   0
2710   6.103516E-04
2711   6.103516E-04
2712   1.220703E-03
2713   6.103516E-04
2714   1.220703E-03
2715   1.220703E-03
2716   0
2717   0
2718   0
2719   0
2720   0
2721   -6.103516E-04
2722   0
2723   0
2724   0
2725   0
2726   0
2727   6.103516E-04
2728   1.220703E-03
2729   6.103516E-04
2730   1.220703E-03
2731   6.103516E-04
2732   1.220703E-03
2733   6.103516E-04
2734   6.103516E-04
2735   0
2736   0
2737   -6.103516E-04
2738   0
2739   0
2740   -6.103516E-04
2741   0
2742   6.103516E-04
2743   0
2744   6.103516E-04
2745   6.103516E-04
2746   1.220703E-03
2747   1.220703E-03
2748   6.103516E-04
2749   1.220703E-03
2750   0
2751   6.103516E-04
2752   0
2753   0
2754   0
2755   0
2756   -6.103516E-04
2757   0
2758   0
2759   0
2760   6.103516E-04
2761   1.220703E-03
2762   1.220703E-03
2763   1.220703E-03
2764   1.220703E-03
2765   6.103516E-04
2766   6.103516E-04
2767   0
2768   0
2769   0
2770   -6.103516E-04
2771   0
2772   -6.103516E-04
2773   0
2774   -6.103516E-04
2775   0
2776   6.103516E-04
2777   6.103516E-04
2778   1.220703E-03
2779   6.103516E-04
2780   1.220703E-03
2781   6.103516E-04
2782   6.103516E-04
2783   6.103516E-04
2784   0
2785   6.103516E-04
2786   0
2787   0
2788   -6.103516E-04
2789   0
2790   0
2791   0
2792   6.103516E-04
2793   0
2794   1.220703E-03
2795   6.103516E-04
2796   6.103516E-04
2797   1.220703E-03
2798   1.220703E-03
2799   1.220703E-03
2800   6.103516E-04
2801   0
2802   0
2803   0
2804   -6.103516E-04
2805   0
2806   -6.103516E-04
2807   -6.103516E-04
2808   0
2809   0
2810   0
2811   1.220703E-03
2812   1.220703E-03
2813   1.220703E-03
2814   6.103516E-04
2815   1.220703E-03
0   0
